0 0.74765625 0.54453125 0.05390625 0.04375
0 0.703125 0.54921875 0.04375 0.03828125
0 0.66015625 0.53359375 0.046875 0.0359375
0 0.565625 0.55 0.03984375 0.03828125
0 0.48671875 0.53828125 0.0515625 0.04296875
0 0.1203125 0.40859375 0.0875 0.07734375
0 0.1921875 0.26484375 0.07890625 0.0703125
0 0.23671875 0.159375 0.06875 0.05078125
0 0.25546875 0.12890625 0.06328125 0.05078125
0 0.30234375 0.071875 0.05703125 0.053125
0 0.51953125 0.22890625 0.03203125 0.03046875
0 0.55 0.24296875 0.03046875 0.03125
1 0.32890625 0.08515625 0.03359375 0.0328125