0 0.45625 0.296875 0.065625 0.1015625
0 0.6171875 0.28359375 0.06796875 0.1109375
0 0.9375 0.15 0.096875 0.13671875
0 0.84140625 0.16875 0.01953125 0.02578125
0 0.871875 0.16953125 0.01796875 0.03125
0 0.07578125 0.14140625 0.03203125 0.05703125
0 0.10390625 0.1515625 0.025 0.0484375
0 0.12265625 0.16171875 0.0265625 0.0390625
0 0.153125 0.14296875 0.028125 0.0484375
0 0.1796875 0.15 0.0265625 0.04453125
0 0.20546875 0.1453125 0.028125 0.04609375
0 0.25078125 0.15625 0.02890625 0.05
0 0.278125 0.15703125 0.02109375 0.04453125
0 0.421875 0.13046875 0.015625 0.028125
0 0.51015625 0.13671875 0.01796875 0.0296875
0 0.553125 0.14609375 0.01640625 0.0296875
0 0.5875 0.14296875 0.021875 0.03671875
0 0.6046875 0.14921875 0.01796875 0.03515625
0 0.615625 0.14921875 0.01796875 0.03515625
0 0.63671875 0.15546875 0.02109375 0.03671875
0 0.678125 0.146875 0.01953125 0.03515625
0 0.659375 0.1453125 0.02109375 0.04296875
0 0.7125 0.146875 0.021875 0.0390625
0 0.7421875 0.13515625 0.02109375 0.03671875
0 0.77265625 0.1609375 0.02109375 0.0296875
0 0.75546875 0.13203125 0.0140625 0.028125
0 0.79296875 0.14921875 0.01953125 0.03515625
0 0.81640625 0.15390625 0.01953125 0.03671875
0 0.221875 0.14296875 0.01953125 0.03671875
0 0.2328125 0.14453125 0.01796875 0.040625
0 0.009375 0.1671875 0.01875 0.04375
0 0.02421875 0.11875 0.02890625 0.03671875
0 0.446875 0.12890625 0.01640625 0.03125
0 0.4625 0.13671875 0.01640625 0.03359375
0 0.48984375 0.1234375 0.02109375 0.03515625
1 0.47265625 0.15 0.01796875 0.03359375
1 0.5703125 0.15078125 0.02109375 0.0390625
1 0.5359375 0.14140625 0.01640625 0.03125
1 0.4015625 0.14375 0.01640625 0.03125
1 0.41328125 0.14609375 0.015625 0.0296875
1 0.43203125 0.15 0.0140625 0.02578125
1 0.4484375 0.1515625 0.01640625 0.0296875
1 0.3703125 0.1515625 0.01796875 0.03359375
1 0.346875 0.14921875 0.015625 0.028125
1 0.328125 0.13671875 0.015625 0.0296875
1 0.31875 0.14453125 0.015625 0.0296875
1 0.3046875 0.14453125 0.015625 0.0296875
1 0.29140625 0.13359375 0.0109375 0.01875
0 0.859375 0.16640625 0.015625 0.0296875
0 0.834375 0.15078125 0.015625 0.02421875
0 0.84921875 0.1484375 0.015625 0.01875
0 0.77109375 0.13359375 0.0140625 0.02578125
0 0.784375 0.140625 0.0125 0.021875
1 0.76015625 0.1546875 0.0125 0.028125
0 0.690625 0.13671875 0.0125 0.021875
0 0.728125 0.1390625 0.0109375 0.02578125
1 0.51953125 0.14921875 0.01953125 0.03515625
0 0.55234375 0.14375 0.015625 0.028125
1 0.36328125 0.1390625 0.015625 0.0296875
1 0.0515625 0.115625 0.025 0.0390625
0 0.02265625 0.14453125 0.03203125 0.04453125