0 0.44453125 0.2703125 0.07109375 0.12890625
0 0.8296875 0.4578125 0.12578125 0.13359375
1 0.17421875 0.353125 0.16015625 0.23046875
1 0.73203125 0.45859375 0.1 0.140625
1 0.64609375 0.4984375 0.09609375 0.1625
1 0.58515625 0.33515625 0.1015625 0.15546875
1 0.7078125 0.2921875 0.08203125 0.14296875
1 0.65078125 0.346875 0.06875 0.11640625
1 0.8890625 0.30546875 0.05078125 0.07734375
1 0.9390625 0.2625 0.0421875 0.06328125
1 0.84921875 0.2609375 0.03984375 0.065625
1 0.7734375 0.24296875 0.03125 0.053125
1 0.34765625 0.403125 0.09453125 0.15546875
1 0.2828125 0.32265625 0.10703125 0.175
1 0.78125 0.2890625 0.0421875 0.06328125
1 0.9203125 0.29765625 0.04765625 0.075
1 0.8296875 0.36171875 0.08515625 0.1015625