0 0.1828125 0.37734375 0.08515625 0.1578125
1 0.403125 0.3734375 0.05859375 0.09375
1 0.66484375 0.37265625 0.04765625 0.084375
1 0.73671875 0.33046875 0.05625 0.1046875
1 0.8140625 0.32421875 0.0640625 0.1203125
1 0.8921875 0.3984375 0.0625 0.0953125
1 0.9671875 0.3265625 0.0640625 0.1234375
0 0.7828125 0.33203125 0.0328125 0.0859375
1 0.6 0.384375 0.0671875 0.1125
1 0.53125 0.3609375 0.0875 0.13671875
1 0.2234375 0.38125 0.0421875 0.0859375
0 0.1203125 0.3921875 0.0375 0.075
0 0.01328125 0.38359375 0.0265625 0.0578125
1 0.0859375 0.321875 0.05234375 0.084375