0 0.1375 0.4109375 0.08203125 0.109375
0 0.32734375 0.4265625 0.0515625 0.08203125
0 0.4 0.453125 0.04296875 0.0515625
0 0.440625 0.4453125 0.03828125 0.0578125
0 0.4859375 0.42109375 0.0484375 0.07109375
0 0.5515625 0.41953125 0.03984375 0.06015625
0 0.5875 0.43125 0.0453125 0.06484375
0 0.67109375 0.4 0.0546875 0.078125
0 0.81953125 0.43984375 0.03203125 0.05546875
0 0.890625 0.38046875 0.05859375 0.10234375
1 0.0296875 0.39453125 0.059375 0.1203125
1 0.26328125 0.446875 0.04296875 0.06015625
1 0.62421875 0.45234375 0.028125 0.0359375
1 0.771875 0.43515625 0.03671875 0.046875