0 0.0453125 0.11875 0.090625 0.209375
0 0.1390625 0.0953125 0.16328125 0.190625
0 0.18203125 0.24375 0.08203125 0.1359375
0 0.3453125 0.340625 0.14921875 0.2796875
0 0.44921875 0.23203125 0.09296875 0.1625
0 0.54140625 0.31171875 0.0734375 0.12734375
0 0.603125 0.409375 0.10546875 0.20234375
0 0.72265625 0.4796875 0.07890625 0.10546875
0 0.67578125 0.45703125 0.0203125 0.03671875
0 0.5171875 0.29609375 0.05 0.10390625
1 0.85078125 0.31796875 0.22421875 0.3953125
0 0.39296875 0.2390625 0.0703125 0.12265625