0 0.50703125 0.27109375 0.09375 0.14609375
0 0.73828125 0.47578125 0.2 0.2984375
1 0.1890625 0.503125 0.20234375 0.33515625
1 0.04765625 0.225 0.0953125 0.153125
1 0.24765625 0.22421875 0.04375 0.08203125
1 0.28515625 0.3078125 0.0578125 0.115625
1 0.8796875 0.15390625 0.06015625 0.1125
1 0.965625 0.09140625 0.05234375 0.121875
1 0.80625 0.125 0.05234375 0.09140625
1 0.77421875 0.10390625 0.02421875 0.0609375
1 0.72421875 0.09609375 0.05625 0.08828125
1 0.634375 0.14921875 0.03984375 0.0671875
1 0.60234375 0.27734375 0.084375 0.128125
1 0.56015625 0.10859375 0.03203125 0.0640625
1 0.534375 0.11875 0.02421875 0.0484375
1 0.496875 0.11875 0.02578125 0.0484375
1 0.60078125 0.1390625 0.021875 0.0515625
1 0.21015625 0.1953125 0.0359375 0.0484375
1 0.33125 0.16796875 0.04609375 0.08515625
1 0.434375 0.14921875 0.06015625 0.115625
1 0.3796875 0.1296875 0.0359375 0.0578125
1 0.24765625 0.10859375 0.03984375 0.0515625
1 0.1921875 0.1265625 0.015625 0.03359375
1 0.21328125 0.1328125 0.0140625 0.02734375
1 0.19609375 0.15234375 0.015625 0.02421875
1 0.3421875 0.1140625 0.0203125 0.02734375
1 0.68984375 0.140625 0.028125 0.0546875
1 0.65234375 0.13125 0.03203125 0.0609375