0 0.6828125 0.33671875 0.234375 0.378125
0 0.94609375 0.3421875 0.10390625 0.21953125
0 0.8546875 0.32578125 0.06875 0.13671875
0 0.80625 0.34921875 0.0421875 0.090625
0 0.5734375 0.33046875 0.08203125 0.17265625
0 0.3796875 0.2796875 0.04765625 0.08203125
0 0.34609375 0.28515625 0.034375 0.0765625
0 0.27265625 0.2421875 0.13828125 0.20546875
0 0.20546875 0.26015625 0.0765625 0.15859375
0 0.12578125 0.2640625 0.03671875 0.0578125
0 0.09453125 0.27109375 0.02578125 0.0546875
0 0.06015625 0.26328125 0.06875 0.109375
0 0.01328125 0.25703125 0.0265625 0.1265625
1 0.4703125 0.26015625 0.12578125 0.246875
1 0.809375 0.25625 0.02890625 0.046875
0 0.56484375 0.325 0.0671875 0.17265625
0 0.01796875 0.24453125 0.0359375 0.0796875