0 0.39140625 0.2390625 0.08984375 0.165625
0 0.50859375 0.16796875 0.0703125 0.1359375
0 0.6453125 0.16796875 0.05 0.08515625
0 0.721875 0.1984375 0.0765625 0.14609375
0 0.7796875 0.2359375 0.03359375 0.06015625
0 0.84140625 0.23125 0.03671875 0.0703125
0 0.88671875 0.22578125 0.06640625 0.15078125
0 0.09140625 0.1 0.1828125 0.2
1 0.1046875 0.31328125 0.209375 0.2671875
1 0.23515625 0.23125 0.0296875 0.03984375
0 0.28515625 0.21640625 0.0234375 0.03984375
1 0.93984375 0.359375 0.11328125 0.68828125