0 0.8328125 0.7671875 0.071875 0.1109375
0 0.98203125 0.7203125 0.0328125 0.0796875
0 0.68125 0.715625 0.05703125 0.09296875
0 0.75625 0.7203125 0.05390625 0.075
0 0.78359375 0.63359375 0.0359375 0.0609375
0 0.84296875 0.66796875 0.05546875 0.08828125
0 0.9 0.6703125 0.04375 0.0609375
0 0.5484375 0.66015625 0.046875 0.07265625
0 0.51640625 0.790625 0.0703125 0.10234375
0 0.46640625 0.628125 0.0390625 0.05859375
0 0.27421875 0.71171875 0.05546875 0.0953125
0 0.3453125 0.66796875 0.05 0.0703125
0 0.3 0.59765625 0.03125 0.05703125
0 0.1859375 0.63046875 0.0375 0.05859375
0 0.18359375 0.59296875 0.0328125 0.04296875
0 0.15 0.57265625 0.02265625 0.034375
0 0.125 0.55703125 0.02421875 0.034375
0 0.53046875 0.58359375 0.02109375 0.0296875
0 0.5828125 0.5734375 0.02578125 0.03203125
0 0.6234375 0.6203125 0.034375 0.05234375
0 0.65234375 0.6640625 0.0390625 0.05859375
0 0.68828125 0.6109375 0.02890625 0.04296875
0 0.7328125 0.65 0.0375 0.05703125
0 0.75390625 0.58359375 0.02578125 0.03828125
0 0.72109375 0.58828125 0.02890625 0.03828125
0 0.92109375 0.61875 0.034375 0.0453125
0 0.925 0.5328125 0.02421875 0.0359375
0 0.81015625 0.55859375 0.01796875 0.0296875
0 0.78984375 0.56015625 0.02109375 0.0359375
0 0.6609375 0.51484375 0.01953125 0.03203125
0 0.68984375 0.5203125 0.01953125 0.0296875
0 0.4109375 0.6109375 0.03125 0.04296875
0 0.37421875 0.58359375 0.02421875 0.034375
0 0.26484375 0.59296875 0.0296875 0.04296875
0 0.23671875 0.56953125 0.02578125 0.0359375
0 0.21875 0.56484375 0.02265625 0.0359375
0 0.47734375 0.590625 0.02578125 0.034375
0 0.87109375 0.56328125 0.01640625 0.025
0 0.565625 0.57265625 0.01796875 0.025
0 0.6046875 0.55859375 0.02109375 0.0296875
0 0.6140625 0.57109375 0.01953125 0.02734375
0 0.62890625 0.53828125 0.01484375 0.0203125
0 0.64609375 0.5734375 0.02265625 0.03203125
0 0.70078125 0.55 0.01484375 0.025
0 0.76328125 0.55703125 0.01640625 0.025
0 0.42421875 0.56953125 0.02109375 0.03203125
0 0.4078125 0.58359375 0.02734375 0.034375
0 0.46328125 0.5796875 0.02734375 0.03828125
0 0.4859375 0.57109375 0.02109375 0.03203125
0 0.53828125 0.553125 0.01484375 0.02734375
0 0.73359375 0.55859375 0.01484375 0.0203125
0 0.5265625 0.65 0.02734375 0.05234375
0 0.5625 0.534375 0.01171875 0.015625
0 0.58125 0.53515625 0.01640625 0.02265625
0 0.44296875 0.56328125 0.01953125 0.0296875
0 0.77890625 0.6046875 0.0296875 0.03828125
0 0.0390625 0.8515625 0.078125 0.14765625
0 0.05703125 0.72421875 0.06953125 0.10625
0 0.059375 0.65859375 0.05859375 0.05703125
0 0.0625 0.628125 0.05 0.05
0 0.06875 0.5875 0.04375 0.0453125
0 0.09140625 0.57578125 0.02734375 0.0359375
0 0.078125 0.55 0.01796875 0.0296875
0 0.19140625 0.5578125 0.01953125 0.02734375
0 0.3046875 0.553125 0.01640625 0.02265625
0 0.3484375 0.56953125 0.01953125 0.03203125
0 0.3296875 0.55078125 0.01640625 0.02265625
0 0.37734375 0.5546875 0.01796875 0.025
0 0.0484375 0.4921875 0.01484375 0.02734375
0 0.059375 0.53203125 0.01640625 0.025
0 0.11953125 0.528125 0.01328125 0.01796875
0 0.2328125 0.540625 0.01484375 0.0203125
0 0.21796875 0.53984375 0.01171875 0.01796875
0 0.84140625 0.6125 0.0375 0.040625
0 0.81953125 0.63515625 0.0296875 0.040625
0 0.9625 0.578125 0.01796875 0.02734375
0 0.98203125 0.58125 0.02421875 0.034375
0 0.921875 0.72109375 0.06953125 0.0953125
0 0.41015625 0.71171875 0.05390625 0.07734375
0 0.33046875 0.58125 0.02421875 0.03828125
0 0.840625 0.5578125 0.01484375 0.02265625
0 0.853125 0.5578125 0.01640625 0.02265625
0 0.9578125 0.55 0.01171875 0.0203125
0 0.89140625 0.5609375 0.01796875 0.025
0 0.61015625 0.52578125 0.01015625 0.01796875
0 0.821875 0.53046875 0.01328125 0.01796875
0 0.8484375 0.5359375 0.01171875 0.0203125