0 0.49921875 0.55703125 0.06015625 0.07578125
0 0.5421875 0.553125 0.03984375 0.06484375
0 0.6015625 0.5453125 0.05546875 0.07109375
0 0.6578125 0.5375 0.046875 0.05546875
0 0.7203125 0.53203125 0.0453125 0.0625
0 0.80703125 0.53359375 0.0453125 0.0515625
0 0.87265625 0.5234375 0.0453125 0.0578125
0 0.74765625 0.65625 0.096875 0.13125
0 0.896875 0.559375 0.06015625 0.0890625
0 0.978125 0.5109375 0.03984375 0.06484375
0 0.93984375 0.50703125 0.0296875 0.0421875
0 0.91015625 0.52578125 0.03984375 0.03984375
0 0.79609375 0.5671875 0.06015625 0.06015625
1 0.42265625 0.62265625 0.0734375 0.11328125
1 0.50703125 0.61171875 0.05859375 0.08203125
1 0.809375 0.62109375 0.06328125 0.09765625
1 0.86640625 0.6265625 0.053125 0.06484375
1 0.078125 0.5609375 0.053125 0.0671875
1 0.17265625 0.54921875 0.04140625 0.0515625
1 0.21875 0.528125 0.03359375 0.04453125
1 0.28828125 0.52265625 0.028125 0.0421875
0 0.27265625 0.5125 0.021875 0.03125
1 0.3359375 0.5265625 0.0234375 0.02890625
1 0.315625 0.5078125 0.0203125 0.0265625
1 0.42890625 0.47421875 0.01640625 0.02265625
1 0.31171875 0.4703125 0.01171875 0.01796875
1 0.37109375 0.5125 0.01875 0.0265625
1 0.38125 0.50234375 0.01875 0.02890625
1 0.515625 0.49140625 0.01328125 0.0203125
0 0.54609375 0.51484375 0.0265625 0.03125
0 0.78046875 0.515625 0.028125 0.03359375
0 0.84296875 0.51796875 0.0296875 0.046875
0 0.6828125 0.52421875 0.0296875 0.0515625
1 0.034375 0.559375 0.03515625 0.053125
1 0.0421875 0.5359375 0.03828125 0.0421875
1 0.12734375 0.528125 0.028125 0.04453125
1 0.1078125 0.5453125 0.03515625 0.053125
1 0.11796875 0.471875 0.021875 0.0265625
1 0.13359375 0.47734375 0.01640625 0.02421875
1 0.15703125 0.4796875 0.01640625 0.02890625
1 0.2453125 0.50234375 0.01640625 0.02421875
1 0.22890625 0.46640625 0.01328125 0.0203125
1 0.24609375 0.46015625 0.01171875 0.015625