0 0.09375 0.3421875 0.071875 0.1078125
0 0.2203125 0.353125 0.0640625 0.10546875
0 0.2640625 0.3421875 0.04765625 0.09609375
0 0.31171875 0.3453125 0.04765625 0.1078125
0 0.36328125 0.3453125 0.06171875 0.1140625
0 0.42421875 0.36328125 0.05625 0.09609375
0 0.540625 0.3421875 0.065625 0.12578125
0 0.58203125 0.31953125 0.04765625 0.09296875
0 0.61171875 0.34375 0.0640625 0.10546875
0 0.67109375 0.32890625 0.065625 0.12890625
0 0.72109375 0.34375 0.04609375 0.08671875
0 0.78125 0.340625 0.0703125 0.1234375
0 0.90390625 0.384375 0.071875 0.1203125
1 0.15390625 0.36484375 0.05625 0.09296875
1 0.453125 0.3484375 0.034375 0.06640625
1 0.515625 0.3171875 0.028125 0.06875