0 0.1484375 0.38828125 0.15 0.24296875
0 0.275 0.38125 0.103125 0.1796875
0 0.41171875 0.38359375 0.096875 0.16484375
0 0.53828125 0.38359375 0.08984375 0.1453125
0 0.7234375 0.40546875 0.0734375 0.13125
0 0.76640625 0.4390625 0.08671875 0.15078125
0 0.9515625 0.3546875 0.08984375 0.184375
0 0.71796875 0.23046875 0.0296875 0.04375
0 0.91328125 0.0484375 0.0265625 0.0390625
0 0.85 0.12890625 0.0265625 0.04375
0 0.78203125 0.228125 0.0296875 0.0390625
0 0.56171875 0.228125 0.0296875 0.0484375
0 0.50703125 0.21328125 0.03359375 0.0484375
0 0.43359375 0.2328125 0.0265625 0.0484375
0 0.31171875 0.20859375 0.0296875 0.0484375
0 0.1296875 0.21875 0.03984375 0.05859375
0 0.0984375 0.16015625 0.03671875 0.06796875