0 0.15078125 0.39609375 0.07109375 0.12890625
0 0.21171875 0.45234375 0.040625 0.06640625
0 0.25703125 0.434375 0.0359375 0.06484375
0 0.23828125 0.43203125 0.0265625 0.06484375
0 0.28828125 0.459375 0.0265625 0.05234375
0 0.3078125 0.45625 0.02890625 0.05859375
0 0.3359375 0.42265625 0.046875 0.07890625
0 0.371875 0.40703125 0.0390625 0.08125
0 0.39921875 0.42265625 0.034375 0.06640625
0 0.44140625 0.41640625 0.053125 0.09609375
0 0.465625 0.415625 0.03203125 0.06484375
0 0.5 0.4375 0.0359375 0.0625
0 0.56484375 0.39453125 0.05390625 0.10234375
0 0.61640625 0.40078125 0.0640625 0.11015625
0 0.1765625 0.45078125 0.021875 0.04765625
0 0.70234375 0.39453125 0.06796875 0.11875
0 0.665625 0.41171875 0.0359375 0.09375
0 0.7859375 0.38984375 0.06953125 0.11640625
0 0.85078125 0.409375 0.0484375 0.08984375
0 0.90859375 0.390625 0.05859375 0.10625
0 0.96796875 0.40859375 0.05546875 0.09140625