0 0.8125 0.37890625 0.0359375 0.06640625
0 0.7578125 0.38984375 0.04609375 0.075
0 0.68515625 0.39609375 0.034375 0.0625
0 0.65234375 0.39453125 0.02890625 0.04765625
0 0.615625 0.4 0.03203125 0.0625
0 0.56796875 0.4 0.03046875 0.05
0 0.5375 0.38046875 0.028125 0.04765625
0 0.5125 0.37578125 0.0359375 0.07734375
0 0.496875 0.39296875 0.0234375 0.04375
0 0.4359375 0.384375 0.0359375 0.07265625
0 0.378125 0.37109375 0.04609375 0.08359375
0 0.3578125 0.375 0.034375 0.07109375
0 0.3359375 0.4125 0.025 0.03359375
0 0.30390625 0.40546875 0.01953125 0.03515625
0 0.265625 0.39375 0.04140625 0.06640625
0 0.20234375 0.41796875 0.0234375 0.03984375
0 0.1734375 0.40390625 0.01953125 0.0375
0 0.140625 0.4 0.03203125 0.05859375
0 0.11796875 0.403125 0.025 0.04765625
0 0.0625 0.39296875 0.03359375 0.07265625
0 0.03828125 0.4 0.02109375 0.0375