0 0.4203125 0.365625 0.0578125 0.10859375
0 0.50390625 0.39765625 0.05234375 0.08984375
0 0.55234375 0.39375 0.0453125 0.0828125
0 0.6109375 0.4140625 0.0421875 0.0765625
0 0.771875 0.37109375 0.0765625 0.1203125
0 0.71484375 0.43046875 0.025 0.046875
0 0.69765625 0.4203125 0.01484375 0.05234375
1 0.83125 0.44296875 0.0171875 0.0265625
1 0.8546875 0.4265625 0.0171875 0.03203125
1 0.903125 0.446875 0.01640625 0.01875
1 0.921875 0.43125 0.01875 0.0265625
1 0.934375 0.43984375 0.00859375 0.02421875