0 0.3109375 0.74765625 0.13359375 0.2
0 0.659375 0.54375 0.09375 0.1640625
0 0.73828125 0.67109375 0.13046875 0.2
0 0.80546875 0.31640625 0.05859375 0.1
0 0.7796875 0.23125 0.06015625 0.0953125
0 0.65625 0.26640625 0.04609375 0.0859375
0 0.64375 0.18828125 0.04609375 0.0765625
0 0.34453125 0.034375 0.01875 0.03125
0 0.51875 0.03203125 0.01875 0.0359375
0 0.5828125 0.0296875 0.01875 0.0359375
0 0.3203125 0.034375 0.01875 0.0359375
0 0.10859375 0.04609375 0.0203125 0.0359375
0 0.16171875 0.06328125 0.01875 0.03125
1 0.07109375 0.27890625 0.04140625 0.0765625
1 0.09296875 0.1859375 0.03359375 0.05703125
1 0.16796875 0.1015625 0.01875 0.0453125
1 0.20859375 0.0640625 0.0171875 0.03359375
1 0.07890625 0.0390625 0.0203125 0.0359375
1 0.0375 0.03203125 0.02734375 0.040625
1 0.415625 0.02734375 0.01875 0.0359375
1 0.3890625 0.1515625 0.03203125 0.05
1 0.63359375 0.02734375 0.01875 0.03125
1 0.72890625 0.15703125 0.03828125 0.08125
1 0.76484375 0.09296875 0.02890625 0.06171875
0 0.62109375 0.27109375 0.04296875 0.090625
1 0.30859375 0.0390625 0.0109375 0.0265625