0 0.0296875 0.3578125 0.059375 0.115625
0 0.08359375 0.3546875 0.05234375 0.08984375
0 0.05234375 0.321875 0.0453125 0.0703125
0 0.71640625 0.35859375 0.07734375 0.1296875
0 0.85234375 0.34296875 0.075 0.1203125
0 0.63515625 0.30703125 0.05 0.0734375
0 0.54375 0.33828125 0.05234375 0.08984375
0 0.425 0.328125 0.03984375 0.06328125
0 0.4125 0.3046875 0.0296875 0.05703125
0 0.34140625 0.3265625 0.0421875 0.0796875
0 0.2203125 0.33203125 0.0546875 0.096875
0 0.3140625 0.30703125 0.0421875 0.06015625
0 0.1875 0.328125 0.03515625 0.0765625