0 0.79765625 0.2703125 0.09765625 0.16640625
0 0.684375 0.29296875 0.06640625 0.1265625
0 0.57421875 0.3046875 0.0640625 0.11640625
0 0.49921875 0.31484375 0.06015625 0.096875
0 0.33671875 0.328125 0.046875 0.08984375
0 0.2546875 0.3046875 0.0375 0.0765625
0 0.10546875 0.28515625 0.0734375 0.1296875
0 0.21015625 0.3515625 0.046875 0.08359375
1 0.39296875 0.35859375 0.0359375 0.06328125
1 0.28203125 0.33515625 0.021875 0.04296875
1 0.42890625 0.33828125 0.0265625 0.04296875
1 0.4046875 0.325 0.021875 0.03671875
1 0.52890625 0.3265625 0.03125 0.06640625
1 0.98203125 0.38671875 0.021875 0.03359375