0 0.28203125 0.3203125 0.18359375 0.2046875
0 0.678125 0.30703125 0.2109375 0.1953125
0 0.8 0.21640625 0.18125 0.20234375
0 0.90390625 0.221875 0.115625 0.15546875
0 0.053125 0.29921875 0.10625 0.1734375
0 0.2046875 0.21015625 0.16640625 0.153125
0 0.12578125 0.20546875 0.121875 0.153125
0 0.45703125 0.26640625 0.18984375 0.1734375
0 0.57421875 0.2 0.175 0.1640625
0 0.42734375 0.1390625 0.1421875 0.1265625
0 0.24921875 0.1546875 0.13046875 0.11796875
0 0.7359375 0.05546875 0.10703125 0.0796875
0 0.03984375 0.16328125 0.0796875 0.1015625
0 0.95546875 0.19296875 0.0828125 0.16015625
0 0.378125 0.06875 0.10390625 0.0890625
0 0.83671875 0.09296875 0.10078125 0.10234375
1 0.0890625 0.05859375 0.07109375 0.06015625
1 0.27890625 0.03203125 0.059375 0.046875
0 0.475 0.053125 0.07734375 0.0578125