0 0.0734375 0.63515625 0.12890625 0.23671875
0 0.1859375 0.7015625 0.153125 0.303125
0 0.34921875 0.46015625 0.10234375 0.2
0 0.32109375 0.278125 0.05546875 0.11640625
0 0.2921875 0.28359375 0.03359375 0.0796875
0 0.3875 0.296875 0.05078125 0.08671875
0 0.42421875 0.36640625 0.07109375 0.1265625
0 0.49453125 0.303125 0.05078125 0.1
0 0.4734375 0.26015625 0.0359375 0.0734375
0 0.446875 0.253125 0.03125 0.0734375
0 0.6125 0.321875 0.06015625 0.1234375
0 0.69921875 0.31796875 0.046875 0.11015625
0 0.7703125 0.2703125 0.046875 0.09296875
0 0.80546875 0.2046875 0.02890625 0.06328125
0 0.70234375 0.23203125 0.0359375 0.0703125
0 0.534375 0.21015625 0.0375 0.0796875
0 0.58671875 0.23828125 0.04453125 0.0765625
0 0.57890625 0.18203125 0.03359375 0.0703125
0 0.65234375 0.18359375 0.02890625 0.06015625
0 0.60859375 0.18984375 0.021875 0.046875
0 0.69296875 0.1703125 0.021875 0.046875
0 0.75546875 0.15 0.021875 0.046875
0 0.715625 0.19296875 0.0265625 0.046875
0 0.8546875 0.153125 0.02890625 0.06015625
0 0.62578125 0.1734375 0.02421875 0.046875
0 0.8140625 0.13828125 0.0203125 0.03671875