0 0.56953125 0.25625 0.16875 0.39140625
1 0.15859375 0.27265625 0.14296875 0.315625
1 0.04375 0.1609375 0.0875 0.209375
1 0.1578125 0.109375 0.14140625 0.15703125
1 0.40703125 0.08359375 0.11484375 0.1671875
1 0.28203125 0.46875 0.1921875 0.33125
1 0.790625 0.475 0.1859375 0.334375
1 0.89296875 0.271875 0.2109375 0.29765625
1 0.83046875 0.12890625 0.14296875 0.22734375
1 0.72890625 0.1359375 0.10078125 0.22421875
1 0.61875 0.09765625 0.1125 0.1953125
1 0.48828125 0.12421875 0.11953125 0.221875
1 0.36171875 0.834375 0.3546875 0.3265625