0 0.48125 0.40390625 0.121875 0.2109375
0 0.43125 0.2875 0.0875 0.14765625
0 0.4921875 0.23828125 0.034375 0.04921875
0 0.5765625 0.16171875 0.05078125 0.08203125
0 0.64921875 0.19140625 0.04765625 0.09296875
0 0.69375 0.17421875 0.0453125 0.07421875
0 0.80546875 0.1578125 0.04765625 0.08515625
1 0.5578125 0.30546875 0.06875 0.11796875
1 0.42578125 0.18515625 0.05078125 0.090625
1 0.85546875 0.22734375 0.07421875 0.11484375
1 0.921875 0.26015625 0.0328125 0.06015625
1 0.02890625 0.36875 0.0578125 0.09609375
0 0.059375 0.425 0.05625 0.0875