0 0.08359375 0.3875 0.0546875 0.08515625
0 0.159375 0.3765625 0.04921875 0.07265625
0 0.21875 0.37265625 0.0421875 0.065625
0 0.2796875 0.38828125 0.03984375 0.06328125
0 0.35234375 0.40078125 0.0328125 0.053125
0 0.43515625 0.3703125 0.03125 0.05546875
0 0.50234375 0.3875 0.03125 0.0609375
0 0.5578125 0.38125 0.0328125 0.06328125
0 0.63828125 0.359375 0.0328125 0.053125
0 0.6578125 0.390625 0.0328125 0.05859375
0 0.70234375 0.38125 0.03828125 0.07265625
0 0.78359375 0.3953125 0.04765625 0.07734375
0 0.8796875 0.3375 0.05078125 0.07734375
0 0.92734375 0.3796875 0.03984375 0.05546875