0 0.26484375 0.57421875 0.1578125 0.23359375
0 0.77265625 0.4796875 0.11015625 0.16015625
0 0.61171875 0.31015625 0.0578125 0.090625
0 0.553125 0.2625 0.04765625 0.0734375
0 0.51796875 0.221875 0.05078125 0.07734375
0 0.37890625 0.340625 0.05625 0.090625
0 0.37109375 0.43515625 0.08125 0.1296875
0 0.40234375 0.24296875 0.05078125 0.08125
0 0.49375 0.153125 0.0359375 0.0640625
0 0.25078125 0.28828125 0.0609375 0.08671875
0 0.0734375 0.41953125 0.0796875 0.10234375
0 0.271875 0.23046875 0.04765625 0.0640625
1 0.171875 0.1671875 0.03046875 0.05234375
1 0.94375 0.21640625 0.04609375 0.06953125
0 0.84140625 0.20859375 0.03359375 0.04609375
0 0.64296875 0.0640625 0.025 0.04609375
1 0.0578125 0.14296875 0.0375 0.05390625
1 0.12578125 0.1390625 0.02890625 0.03828125
1 0.1546875 0.14296875 0.02734375 0.034375
1 0.2203125 0.11328125 0.02578125 0.0328125
0 0.253125 0.11171875 0.02734375 0.0421875
1 0.27421875 0.0640625 0.0234375 0.034375
1 0.3015625 0.0625 0.0234375 0.02890625
1 0.40625 0.16484375 0.03046875 0.04453125
0 0.45390625 0.1234375 0.02578125 0.03828125
1 0.4015625 0.09453125 0.02578125 0.03828125