0 0.8671875 0.2703125 0.07421875 0.109375
0 0.63671875 0.24921875 0.05 0.08828125
0 0.58203125 0.3015625 0.05625 0.09609375
0 0.53984375 0.2453125 0.0359375 0.06953125
0 0.56015625 0.26640625 0.03203125 0.0640625
0 0.46796875 0.315625 0.071875 0.10390625
0 0.5171875 0.309375 0.05390625 0.1015625
0 0.3546875 0.2828125 0.078125 0.128125
0 0.425 0.2703125 0.0421875 0.071875
0 0.290625 0.26953125 0.0578125 0.09609375
0 0.2296875 0.315625 0.09609375 0.146875
0 0.146875 0.28125 0.0703125 0.109375
0 0.0390625 0.275 0.078125 0.13359375
0 0.66796875 0.27578125 0.028125 0.06640625
1 0.95390625 0.25078125 0.04375 0.075
1 0.9046875 0.2453125 0.034375 0.0640625
1 0.71484375 0.246875 0.0421875 0.06171875
1 0.77109375 0.253125 0.02578125 0.04296875