0 0.0859375 0.3875 0.0546875 0.121875
0 0.16171875 0.3640625 0.0484375 0.1015625
0 0.2203125 0.36171875 0.03984375 0.0875
0 0.28046875 0.3796875 0.03359375 0.07890625
0 0.3546875 0.3984375 0.03125 0.071875
0 0.4359375 0.35703125 0.0328125 0.06953125
0 0.5046875 0.37421875 0.0328125 0.0765625
0 0.5609375 0.371875 0.03515625 0.0765625
0 0.640625 0.34375 0.03359375 0.07421875
0 0.659375 0.38515625 0.03359375 0.08125
0 0.70078125 0.37421875 0.0390625 0.09453125
0 0.7859375 0.3984375 0.05 0.1125
0 0.8828125 0.31640625 0.05 0.11484375