0 0.07421875 0.478125 0.04609375 0.11796875
0 0.12421875 0.46796875 0.04296875 0.096875
0 0.1796875 0.459375 0.034375 0.08046875
0 0.2140625 0.4890625 0.034375 0.06484375
0 0.54609375 0.478125 0.034375 0.075
0 0.596875 0.4546875 0.034375 0.08046875
0 0.4359375 0.46484375 0.0375 0.08046875
0 0.4 0.4546875 0.02890625 0.06953125
0 0.35390625 0.46484375 0.034375 0.08046875
0 0.27578125 0.47578125 0.0375 0.06953125
0 0.63125 0.46484375 0.02890625 0.08046875
0 0.49296875 0.46796875 0.0375 0.075
1 0.72890625 0.48671875 0.034375 0.06953125
0 0.784375 0.48671875 0.03125 0.06953125