1 0.2515625 0.43359375 0.0890625 0.14140625
1 0.29765625 0.340625 0.0421875 0.06015625
1 0.2078125 0.30234375 0.034375 0.0546875
0 0.371875 0.278125 0.02734375 0.03828125
1 0.4078125 0.3203125 0.06328125 0.10625
1 0.46015625 0.30625 0.03984375 0.0625
0 0.60546875 0.28984375 0.02890625 0.04609375
0 0.68671875 0.27109375 0.02734375 0.04609375
1 0.8546875 0.32265625 0.04765625 0.07890625
1 0.86875 0.25625 0.01796875 0.0328125
1 0.73828125 0.28203125 0.021875 0.040625
0 0.721875 0.28203125 0.01796875 0.03515625