0 0.3625 0.84375 0.078125 0.1125
0 0.62890625 0.83984375 0.0703125 0.12890625
0 0.9140625 0.82734375 0.078125 0.1125
0 0.9671875 0.68671875 0.04375 0.06015625
0 0.85390625 0.75390625 0.0640625 0.0875
0 0.78828125 0.72734375 0.0578125 0.075
0 0.73125 0.725 0.046875 0.0625
0 0.5921875 0.73125 0.05 0.07109375
0 0.421875 0.76875 0.059375 0.0875
0 0.2 0.77734375 0.065625 0.07890625
0 0.1078125 0.85234375 0.08125 0.10859375
0 0.11484375 0.67421875 0.0359375 0.05625
0 0.0609375 0.68984375 0.0375 0.05859375
0 0.2671875 0.65625 0.03125 0.05390625
0 0.31015625 0.72421875 0.0390625 0.06484375
0 0.33984375 0.7125 0.0390625 0.0625
0 0.91640625 0.68203125 0.0359375 0.05234375
0 0.83046875 0.64765625 0.0265625 0.04140625
0 0.80703125 0.63984375 0.0234375 0.03359375
0 0.87265625 0.64375 0.0234375 0.0375
0 0.56328125 0.66328125 0.0296875 0.04375
0 0.26640625 0.765625 0.0546875 0.07734375
0 0.40546875 0.653125 0.0234375 0.03125
0 0.61015625 0.65234375 0.0234375 0.03359375
0 0.47109375 0.63203125 0.0203125 0.02734375
0 0.54296875 0.65859375 0.0203125 0.0375
0 0.5359375 0.62890625 0.025 0.02890625
0 0.33046875 0.62421875 0.0171875 0.02734375
0 0.315625 0.61484375 0.015625 0.025
0 0.365625 0.69140625 0.034375 0.04609375
0 0.6765625 0.67578125 0.03125 0.04375
0 0.70078125 0.709375 0.0328125 0.04765625