0 0.1125 0.46328125 0.0625 0.09375
0 0.215625 0.51875 0.05234375 0.08203125
0 0.30703125 0.446875 0.065625 0.08984375
0 0.26484375 0.4296875 0.04375 0.07578125
0 0.375 0.51171875 0.05703125 0.08828125
0 0.40625 0.490625 0.04921875 0.08203125
0 0.44921875 0.49296875 0.053125 0.0859375
0 0.40625 0.3640625 0.04140625 0.084375
0 0.49453125 0.47265625 0.04296875 0.07421875
0 0.61171875 0.46171875 0.04296875 0.0796875
0 0.5828125 0.478125 0.0296875 0.04765625
0 0.69453125 0.26015625 0.06953125 0.1203125
0 0.93359375 0.375 0.06640625 0.08203125