0 0.259375 0.69921875 0.121875 0.1875
0 0.1953125 0.6296875 0.065625 0.109375
0 0.28828125 0.59765625 0.046875 0.06640625
0 0.6953125 0.65546875 0.065625 0.09765625
0 0.865625 0.61171875 0.04765625 0.0703125
0 0.83515625 0.5921875 0.03125 0.05546875
0 0.8140625 0.56875 0.02578125 0.0484375
0 0.64453125 0.61328125 0.040625 0.0671875
0 0.39375 0.61015625 0.04765625 0.0796875
0 0.4234375 0.57734375 0.02890625 0.06171875
0 0.44296875 0.56328125 0.02421875 0.0484375
0 0.54765625 0.54921875 0.02109375 0.0359375
0 0.60390625 0.57890625 0.034375 0.05234375
0 0.5671875 0.56328125 0.0203125 0.0390625
0 0.5828125 0.57578125 0.02421875 0.04921875
0 0.75 0.58828125 0.03984375 0.05703125
0 0.72421875 0.5671875 0.02421875 0.0328125
0 0.6828125 0.55546875 0.0171875 0.0328125
0 0.64921875 0.56484375 0.0296875 0.0390625
0 0.35859375 0.56171875 0.02890625 0.0453125
0 0.39375 0.5578125 0.025 0.040625
0 0.37890625 0.49453125 0.015625 0.03125
0 0.45703125 0.56015625 0.01796875 0.0328125
0 0.2734375 0.54921875 0.02109375 0.0359375
0 0.303125 0.5046875 0.0109375 0.02734375
0 0.33671875 0.54921875 0.01796875 0.0328125
0 0.22109375 0.55546875 0.02421875 0.0421875
0 0.16953125 0.5578125 0.0328125 0.046875
0 0.115625 0.56171875 0.03515625 0.06328125
0 0.06328125 0.4984375 0.04296875 0.06640625
0 0.021875 0.58984375 0.04375 0.084375
1 0.7328125 0.5140625 0.01875 0.02890625