0 0.10859375 0.07578125 0.09140625 0.1515625
1 0.44609375 0.0875 0.06328125 0.14140625
1 0.3046875 0.15703125 0.09609375 0.15625
1 0.19296875 0.08828125 0.06875 0.1265625
0 0.14765625 0.06484375 0.0546875 0.1296875
0 0.51953125 0.04609375 0.05625 0.0921875
1 0.66171875 0.1390625 0.0796875 0.14609375
1 0.715625 0.078125 0.0734375 0.15625
1 0.67890625 0.03359375 0.0515625 0.0671875
1 0.77890625 0.05390625 0.0609375 0.1078125
1 0.93984375 0.02890625 0.0484375 0.0578125
1 0.98125 0.02421875 0.03515625 0.04765625