0 0.5328125 0.575 0.034375 0.05703125
1 0.646875 0.575 0.034375 0.05703125
1 0.49375 0.70703125 0.028125 0.05078125
0 0.49296875 0.66953125 0.0296875 0.0484375
1 0.47578125 0.51640625 0.02421875 0.0484375
1 0.55703125 0.44296875 0.021875 0.0453125
1 0.809375 0.13203125 0.01796875 0.0296875
1 0.6953125 0.1578125 0.0140625 0.02734375
1 0.671875 0.15625 0.015625 0.0296875
1 0.66171875 0.13359375 0.015625 0.02734375
1 0.70625 0.146875 0.01171875 0.02421875
1 0.7328125 0.19375 0.0140625 0.02734375
1 0.7203125 0.1984375 0.01171875 0.02421875
1 0.58671875 0.20859375 0.0140625 0.02109375
1 0.57421875 0.20390625 0.01171875 0.02421875
1 0.56015625 0.20390625 0.01171875 0.02421875
1 0.52109375 0.20234375 0.0140625 0.02734375
1 0.50703125 0.21640625 0.0140625 0.02421875
1 0.48125 0.2390625 0.0140625 0.02109375
1 0.484375 0.21328125 0.015625 0.02421875
1 0.45390625 0.17265625 0.015625 0.0328125
1 0.46484375 0.16640625 0.0140625 0.02734375
0 0.41328125 0.1453125 0.021875 0.0390625
1 0.3046875 0.13671875 0.01015625 0.02109375
1 0.375 0.2 0.0140625 0.02734375
1 0.48828125 0.17734375 0.015625 0.02421875
1 0.4796875 0.1859375 0.01171875 0.02421875
1 0.571875 0.13359375 0.01171875 0.02109375
1 0.571875 0.115625 0.01171875 0.02109375
1 0.64296875 0.1875 0.0140625 0.02734375
1 0.265625 0.05703125 0.015625 0.0296875