0 0.5390625 0.4859375 0.0734375 0.1
0 0.3875 0.5703125 0.08671875 0.1515625
1 0.07265625 0.25234375 0.1453125 0.25625
1 0.19140625 0.23671875 0.14296875 0.22421875
1 0.309375 0.25546875 0.08515625 0.1265625
1 0.3921875 0.20703125 0.065625 0.115625
1 0.50390625 0.546875 0.06796875 0.11953125
1 0.42890625 0.57734375 0.05078125 0.1015625
1 0.43203125 0.23671875 0.04375 0.06796875
1 0.534375 0.2421875 0.05859375 0.0890625
1 0.70390625 0.18828125 0.071875 0.1171875
1 0.66796875 0.675 0.1671875 0.20078125