0 0.10546875 0.69453125 0.040625 0.06171875
0 0.17734375 0.69453125 0.0390625 0.06171875
0 0.2328125 0.69921875 0.0359375 0.06015625
0 0.29140625 0.7078125 0.0375 0.06171875
0 0.3484375 0.6984375 0.0359375 0.06171875
0 0.4125 0.70234375 0.0359375 0.0578125
0 0.4671875 0.69375 0.0390625 0.06015625
0 0.52890625 0.690625 0.0375 0.0578125
0 0.5796875 0.68671875 0.0375 0.0578125
0 0.63515625 0.6875 0.0359375 0.0640625
0 0.7109375 0.68828125 0.0390625 0.06171875
0 0.775 0.690625 0.0359375 0.06171875
0 0.84140625 0.69453125 0.0390625 0.06171875
0 0.88515625 0.571875 0.03203125 0.05234375
0 0.83515625 0.5828125 0.03046875 0.0484375
0 0.80390625 0.5828125 0.02734375 0.04453125
0 0.775 0.57265625 0.02890625 0.05390625
0 0.7453125 0.57578125 0.02578125 0.0484375
0 0.72421875 0.56953125 0.03359375 0.05625
0 0.6921875 0.58515625 0.03046875 0.0484375
0 0.65703125 0.57734375 0.03046875 0.0484375
0 0.63125 0.57421875 0.02734375 0.04609375
0 0.60546875 0.57421875 0.02890625 0.05390625
0 0.575 0.578125 0.02734375 0.05
0 0.54765625 0.5765625 0.02890625 0.05390625
0 0.5140625 0.571875 0.03046875 0.05625
0 0.48515625 0.5625 0.03203125 0.05390625
0 0.45703125 0.565625 0.02734375 0.05234375
0 0.43046875 0.57265625 0.02890625 0.05390625
0 0.40546875 0.56875 0.02578125 0.05390625
0 0.37890625 0.57578125 0.03046875 0.0484375
0 0.31796875 0.58984375 0.03359375 0.05390625
0 0.07421875 0.57734375 0.0234375 0.0484375
0 0.0921875 0.5703125 0.03359375 0.0578125
0 0.14765625 0.58125 0.03203125 0.05234375
0 0.1765625 0.5765625 0.02890625 0.05390625
0 0.21640625 0.58984375 0.03359375 0.05390625
0 0.2375 0.56953125 0.02890625 0.0484375
0 0.26484375 0.58984375 0.03203125 0.0578125
0 0.28203125 0.565625 0.03046875 0.0484375
0 0.3171875 0.553125 0.02890625 0.04609375
0 0.35703125 0.55625 0.025 0.04453125