0 0.4953125 0.56328125 0.0484375 0.0734375
0 0.56015625 0.528125 0.0546875 0.075
0 0.6203125 0.55625 0.0359375 0.06015625
0 0.6609375 0.5453125 0.0484375 0.07890625
0 0.703125 0.54453125 0.03125 0.06171875
0 0.73203125 0.5421875 0.03359375 0.0546875
0 0.8234375 0.51796875 0.0296875 0.0546875
0 0.8515625 0.53203125 0.04140625 0.0640625
0 0.8890625 0.5515625 0.0328125 0.06953125
0 0.51015625 0.50546875 0.03984375 0.05234375
0 0.45859375 0.52890625 0.0328125 0.05078125
1 0.94140625 0.55546875 0.08984375 0.1296875