0 0.22578125 0.29375 0.0515625 0.10859375
1 0.375 0.359375 0.08515625 0.159375
1 0.1859375 0.2046875 0.0875 0.1765625
1 0.05625 0.303125 0.0578125 0.1046875
1 0.1171875 0.35546875 0.13984375 0.19375
1 0.30625 0.35859375 0.0421875 0.078125
1 0.42578125 0.3359375 0.04140625 0.078125
1 0.4921875 0.365625 0.0578125 0.0859375
1 0.56015625 0.290625 0.07265625 0.15234375
1 0.734375 0.26640625 0.09609375 0.1859375
1 0.8015625 0.24453125 0.06640625 0.12734375
1 0.946875 0.24609375 0.0765625 0.115625
1 0.95703125 0.3390625 0.08359375 0.15
1 0.9828125 0.37265625 0.03125 0.17890625