0 0.58984375 0.496875 0.02890625 0.06328125
0 0.53828125 0.4890625 0.03046875 0.0609375
0 0.4890625 0.49375 0.03046875 0.0609375
0 0.2828125 0.3171875 0.02578125 0.05234375
0 0.3359375 0.325 0.02578125 0.05859375
0 0.3359375 0.50546875 0.03203125 0.05859375
0 0.384375 0.4921875 0.02890625 0.05859375
0 0.43671875 0.48515625 0.03046875 0.0609375
0 0.4921875 0.4 0.025 0.05234375
0 0.52890625 0.325 0.02578125 0.0453125
0 0.56953125 0.33359375 0.0234375 0.05
0 0.621875 0.32578125 0.02578125 0.05234375
0 0.66875 0.34453125 0.025 0.05
0 0.66640625 0.3078125 0.02578125 0.03671875
0 0.490625 0.3296875 0.025 0.0453125
0 0.36484375 0.32578125 0.02734375 0.05234375
0 0.39296875 0.31328125 0.02578125 0.05234375
0 0.42265625 0.3140625 0.025 0.0546875
0 0.4546875 0.321875 0.02734375 0.05625
0 0.26328125 0.3 0.02734375 0.05625
0 0.6421875 0.35234375 0.02578125 0.05625
0 0.30625 0.30859375 0.025 0.04375