0 0.2578125 0.26796875 0.04375 0.11796875
0 0.32421875 0.26171875 0.03984375 0.11328125
0 0.3796875 0.515625 0.03984375 0.11328125
0 0.46796875 0.48828125 0.03984375 0.11328125
0 0.5390625 0.4796875 0.0421875 0.11328125
0 0.39296875 0.26328125 0.03828125 0.109375
0 0.45390625 0.26171875 0.0359375 0.11328125
0 0.5421875 0.24296875 0.03984375 0.11328125
0 0.6109375 0.265625 0.03828125 0.12265625
0 0.6671875 0.2203125 0.034375 0.0953125
0 0.7546875 0.18828125 0.03828125 0.1046875
1 0.17578125 0.55703125 0.04375 0.12265625
1 0.06875 0.26796875 0.0421875 0.11796875
1 0.175 0.290625 0.0421875 0.11796875
1 0.834375 0.20234375 0.0359375 0.0953125
1 0.92109375 0.18671875 0.03828125 0.109375