0 0.3109375 0.42265625 0.1 0.1375
0 0.315625 0.31015625 0.071875 0.0875
1 0.59453125 0.43984375 0.0859375 0.12109375
1 0.725 0.49609375 0.14375 0.22109375
1 0.78984375 0.39375 0.0453125 0.07890625
1 0.8984375 0.43984375 0.0625 0.09609375
1 0.66171875 0.38203125 0.0390625 0.06015625
1 0.6328125 0.34921875 0.03125 0.04375
1 0.61953125 0.36640625 0.0234375 0.04140625
1 0.5375 0.37265625 0.053125 0.09140625
1 0.48828125 0.359375 0.0453125 0.07734375
1 0.44609375 0.35234375 0.0390625 0.0625
1 0.38984375 0.33046875 0.0328125 0.05234375
1 0.41171875 0.63671875 0.1734375 0.21484375