0 0.70078125 0.853125 0.1203125 0.2625
0 0.81796875 0.84296875 0.13828125 0.2765625
0 0.9390625 0.8859375 0.109375 0.20234375
0 0.3234375 0.84609375 0.2453125 0.2828125
0 0.6015625 0.80390625 0.109375 0.19921875
1 0.615625 0.5984375 0.046875 0.08515625
1 0.87109375 0.44453125 0.03203125 0.04609375
1 0.81796875 0.44453125 0.02890625 0.04609375
1 0.5453125 0.4328125 0.02890625 0.03828125
1 0.93359375 0.51796875 0.09296875 0.1390625
1 0.81796875 0.5125 0.065625 0.09296875
0 0.740625 0.52421875 0.14765625 0.21484375