0 0.6453125 0.7125 0.0234375 0.01640625
0 0.21015625 0.63828125 0.0203125 0.0140625
0 0.33203125 0.52890625 0.01640625 0.01328125
0 0.5640625 0.49921875 0.01796875 0.01328125
0 0.53515625 0.50625 0.01640625 0.0125
0 0.25859375 0.61796875 0.01640625 0.01328125
0 0.171875 0.521875 0.01640625 0.0109375
0 0.14609375 0.3859375 0.01484375 0.0125
0 0.8828125 0.5453125 0.01796875 0.0125
0 0.92578125 0.4328125 0.01484375 0.01015625
0 0.1953125 0.8453125 0.0234375 0.01796875
0 0.7984375 0.45234375 0.01640625 0.01328125
0 0.14765625 0.5921875 0.021875 0.015625
0 0.28515625 0.5 0.0203125 0.01328125
0 0.1609375 0.4625 0.01484375 0.01015625
0 0.09765625 0.45078125 0.01484375 0.0125
0 0.24921875 0.4328125 0.01484375 0.0125
0 0.5203125 0.51171875 0.01640625 0.0125
0 0.7546875 0.45234375 0.01640625 0.0109375
0 0.68984375 0.40703125 0.01328125 0.0109375
0 0.92734375 0.5171875 0.01796875 0.0140625
1 0.028125 0.5375 0.01640625 0.0125
0 0.2109375 0.67421875 0.021875 0.01640625
0 0.03515625 0.79296875 0.0265625 0.02109375
0 0.8796875 0.65703125 0.0203125 0.015625