0 0.85859375 0.55078125 0.08828125 0.06640625
0 0.75546875 0.5328125 0.0734375 0.04375
0 0.7578125 0.4828125 0.0484375 0.03125
0 0.69296875 0.45546875 0.03203125 0.02890625
0 0.65390625 0.4234375 0.03203125 0.02265625
0 0.596875 0.42421875 0.0265625 0.0140625
0 0.56953125 0.4640625 0.03203125 0.02265625
0 0.45 0.4234375 0.03359375 0.02265625
0 0.46328125 0.38671875 0.0296875 0.02109375
0 0.35625 0.4390625 0.04140625 0.03125
0 0.06171875 0.3953125 0.03359375 0.0265625
0 0.0421875 0.54375 0.0765625 0.06484375