0 0.02109375 0.259375 0.0421875 0.08359375
0 0.0296875 0.25234375 0.0546875 0.096875
0 0.0984375 0.25546875 0.04765625 0.090625
0 0.16875 0.24453125 0.04765625 0.09375
0 0.14375 0.24765625 0.0328125 0.0734375
0 0.20625 0.27578125 0.0375 0.0765625
0 0.23515625 0.259375 0.03984375 0.0703125
0 0.28125 0.259375 0.0421875 0.0765625
0 0.3140625 0.2609375 0.02734375 0.06015625
0 0.3453125 0.284375 0.03984375 0.0734375
0 0.37109375 0.2671875 0.0375 0.0671875
0 0.4015625 0.29453125 0.0375 0.0671875
0 0.43359375 0.29296875 0.0375 0.06328125
0 0.46640625 0.284375 0.0328125 0.0671875
0 0.4875 0.29765625 0.03515625 0.0671875
0 0.53359375 0.32265625 0.0625 0.096875
0 0.49609375 0.24765625 0.02734375 0.03359375
0 0.5828125 0.26953125 0.0296875 0.05703125
0 0.6171875 0.28125 0.03984375 0.06015625
0 0.68125 0.30234375 0.0328125 0.05703125
0 0.71640625 0.29921875 0.0375 0.05703125
0 0.7875 0.27109375 0.0703125 0.1140625
0 0.87890625 0.29609375 0.04765625 0.06328125
0 0.85390625 0.3046875 0.02734375 0.053125
0 0.93515625 0.31796875 0.0453125 0.0734375
0 0.97890625 0.32109375 0.0375 0.0734375