0 0.45859375 0.54453125 0.1234375 0.1875
0 0.36015625 0.546875 0.09296875 0.13828125
0 0.06015625 0.5984375 0.11328125 0.17890625
0 0.1015625 0.51328125 0.0765625 0.11640625
0 0.89296875 0.51328125 0.08671875 0.13359375
0 0.75 0.49296875 0.06640625 0.10234375
0 0.71484375 0.453125 0.04296875 0.07578125
0 0.66171875 0.46640625 0.05703125 0.08515625
0 0.61484375 0.46171875 0.05 0.08515625
0 0.56484375 0.45546875 0.04296875 0.05390625
0 0.16796875 0.38359375 0.04296875 0.0625
0 0.425 0.40625 0.0296875 0.04453125
0 0.45859375 0.42890625 0.0296875 0.05390625
0 0.48984375 0.43046875 0.0265625 0.03984375
0 0.51796875 0.4328125 0.03671875 0.04453125
0 0.39296875 0.40625 0.0203125 0.0359375
0 0.51328125 0.3703125 0.0203125 0.0265625
0 0.46171875 0.3640625 0.01640625 0.02265625
1 0.575 0.34375 0.0234375 0.04453125
1 0.78984375 0.4796875 0.053125 0.08515625
1 0.528125 0.2546875 0.0234375 0.0265625