0 0.05546875 0.54140625 0.0375 0.06484375
0 0.1375 0.5734375 0.03984375 0.06875
0 0.42421875 0.546875 0.03984375 0.0625
0 0.4953125 0.54921875 0.0359375 0.05
0 0.58203125 0.53203125 0.0359375 0.04140625
0 0.64375 0.53203125 0.03828125 0.0625
0 0.70703125 0.53203125 0.03984375 0.05859375
1 0.471875 0.5828125 0.046875 0.07109375
1 0.38515625 0.55859375 0.046875 0.06484375
1 0.36171875 0.53984375 0.03125 0.04765625
1 0.3359375 0.55078125 0.02265625 0.05
1 0.3109375 0.55859375 0.0328125 0.05625
1 0.228125 0.565625 0.0296875 0.05
1 0.221875 0.528125 0.02734375 0.04140625
1 0.17421875 0.578125 0.03125 0.04609375
1 0.96640625 0.52421875 0.02734375 0.05
1 0.590625 0.571875 0.03828125 0.05859375