0 0.26328125 0.5109375 0.0703125 0.09609375
0 0.10390625 0.51953125 0.021875 0.03203125
0 0.02890625 0.509375 0.01796875 0.02578125
0 0.04296875 0.52734375 0.01328125 0.0234375
0 0.15078125 0.52421875 0.00859375 0.0125
0 0.17265625 0.51796875 0.00859375 0.0125
0 0.1921875 0.5203125 0.00859375 0.0125
0 0.9859375 0.540625 0.01484375 0.0234375
1 0.3234375 0.515625 0.0203125 0.0296875
1 0.446875 0.50859375 0.0203125 0.03203125
1 0.4828125 0.51171875 0.01796875 0.02578125
1 0.51015625 0.546875 0.01640625 0.02734375
1 0.53828125 0.51953125 0.0203125 0.0359375
1 0.61328125 0.54140625 0.0234375 0.03828125
1 0.6234375 0.52578125 0.0203125 0.02734375
1 0.60078125 0.51796875 0.01796875 0.02578125