0 0.17890625 0.34140625 0.0109375 0.0171875
0 0.21796875 0.11875 0.0109375 0.0171875
0 0.203125 0.7078125 0.0125 0.025
0 0.74921875 0.86484375 0.0140625 0.0203125
0 0.778125 0.8859375 0.0125 0.0171875
0 0.878125 0.8453125 0.015625 0.0203125
0 0.77109375 0.2890625 0.0109375 0.02265625
0 0.60546875 0.11015625 0.0109375 0.0203125
0 0.90859375 0.2484375 0.0109375 0.0171875
0 0.9015625 0.26484375 0.009375 0.01484375
0 0.22109375 0.77109375 0.0140625 0.02265625
0 0.878125 0.3578125 0.0125 0.0203125
0 0.753125 0.2953125 0.0125 0.0203125