0 0.415625 0.52890625 0.03515625 0.05546875
0 0.73046875 0.5609375 0.0421875 0.06328125
1 0.3546875 0.50703125 0.03515625 0.0609375
1 0.128125 0.5921875 0.0390625 0.05546875
1 0.05 0.578125 0.03671875 0.0609375
1 0.02421875 0.5109375 0.04765625 0.090625
1 0.21953125 0.5453125 0.05859375 0.09375
1 0.42421875 0.5609375 0.0390625 0.0578125
1 0.5171875 0.54375 0.02578125 0.046875
0 0.54453125 0.56328125 0.03515625 0.05234375
1 0.684375 0.53828125 0.04609375 0.06328125
1 0.71796875 0.5203125 0.021875 0.03828125
1 0.6078125 0.53828125 0.0296875 0.0578125
1 0.77890625 0.5375 0.0515625 0.07734375
1 0.84921875 0.52890625 0.03671875 0.0609375
1 0.921875 0.56875 0.04609375 0.06328125