0 0.571875 0.73359375 0.0203125 0.0421875
0 0.50078125 0.73125 0.01796875 0.03828125
0 0.48515625 0.71953125 0.021875 0.0421875
0 0.4703125 0.7125 0.015625 0.0421875
0 0.42421875 0.73515625 0.0203125 0.03828125
0 0.378125 0.7296875 0.0203125 0.0421875
0 0.31015625 0.728125 0.0203125 0.0453125
0 0.2828125 0.73125 0.021875 0.0453125
0 0.84609375 0.7546875 0.01171875 0.02109375
0 0.890625 0.7453125 0.01015625 0.0171875
0 0.82578125 0.7578125 0.0078125 0.02109375
0 0.778125 0.73671875 0.01171875 0.02109375
0 0.76796875 0.7296875 0.01171875 0.02109375