0 0.6625 0.153125 0.0953125 0.20234375
0 0.78984375 0.15859375 0.0765625 0.1421875
0 0.57890625 0.140625 0.028125 0.08203125
0 0.5984375 0.121875 0.0203125 0.03984375
0 0.48671875 0.37890625 0.0234375 0.03984375
0 0.41328125 0.47734375 0.0234375 0.0421875
0 0.415625 0.5796875 0.03515625 0.07734375
0 0.36484375 0.665625 0.03984375 0.06484375
0 0.30703125 0.6734375 0.046875 0.06953125
0 0.075 0.79140625 0.06015625 0.0921875
0 0.0890625 0.7453125 0.0453125 0.06015625
0 0.03828125 0.57890625 0.04296875 0.06953125
0 0.13515625 0.53203125 0.03359375 0.0625
0 0.196875 0.54140625 0.03671875 0.06015625
0 0.32578125 0.4265625 0.021875 0.03984375
0 0.334375 0.38671875 0.01796875 0.03984375