0 0.4015625 0.3640625 0.02890625 0.04921875
0 0.175 0.3828125 0.03203125 0.04765625
0 0.28046875 0.3640625 0.0234375 0.04140625
0 0.0953125 0.1828125 0.015625 0.0234375
0 0.0765625 0.19140625 0.0109375 0.0140625
0 0.0484375 0.19375 0.009375 0.01796875
0 0.0328125 0.18984375 0.009375 0.01796875
0 0.1953125 0.171875 0.0109375 0.021875
0 0.15703125 0.534375 0.09921875 0.14453125
1 0.525 0.3578125 0.0359375 0.0578125
1 0.5140625 0.628125 0.153125 0.228125
1 0.6421875 0.5078125 0.04453125 0.0796875
1 0.52734375 0.49296875 0.0546875 0.08125
1 0.4109375 0.58828125 0.0671875 0.125
1 0.25078125 0.38359375 0.03046875 0.0453125
1 0.04453125 0.45703125 0.05 0.065625
1 0.03515625 0.5484375 0.0703125 0.14375
1 0.06015625 0.40703125 0.03359375 0.0515625
1 0.03515625 0.36484375 0.0375 0.06328125
1 0.07890625 0.37890625 0.03203125 0.04765625
1 0.10546875 0.353125 0.02890625 0.0359375
1 0.7203125 0.5328125 0.1171875 0.18046875
1 0.875 0.559375 0.1125 0.1625
1 0.48359375 0.23203125 0.028125 0.04765625
1 0.38046875 0.37421875 0.025 0.04140625