0 0.22734375 0.5671875 0.0453125 0.06640625
0 0.31171875 0.59609375 0.0359375 0.06015625
0 0.39140625 0.5703125 0.0390625 0.0640625
0 0.5515625 0.55859375 0.0375 0.0640625
0 0.646875 0.53828125 0.0375 0.05625
0 0.728125 0.5421875 0.040625 0.0640625
1 0.471875 0.5625 0.03125 0.0484375
1 0.51171875 0.55234375 0.0265625 0.04453125
1 0.434375 0.53828125 0.025 0.0359375
1 0.1734375 0.58359375 0.028125 0.0421875
1 0.0890625 0.59921875 0.03125 0.03828125
1 0.05703125 0.634375 0.0234375 0.0359375
1 0.03125 0.7046875 0.021875 0.03203125
1 0.015625 0.60859375 0.021875 0.03203125
1 0.0109375 0.7 0.021875 0.03828125
1 0.603125 0.59375 0.03125 0.04609375
1 0.678125 0.5703125 0.025 0.03203125
1 0.7578125 0.55625 0.025 0.0359375
1 0.8265625 0.57109375 0.028125 0.03828125