0 0.49375 0.23125 0.07734375 0.12578125
0 0.875 0.178125 0.1109375 0.15
0 0.734375 0.33125 0.05234375 0.090625
0 0.65546875 0.3125 0.04765625 0.078125
0 0.6359375 0.359375 0.06484375 0.10078125
0 0.6890625 0.3375 0.03203125 0.06171875
1 0.5296875 0.325 0.08359375 0.11953125
1 0.8046875 0.28125 0.07265625 0.1046875
1 0.15546875 0.29609375 0.09375 0.1234375
1 0.2953125 0.346875 0.06328125 0.10078125
1 0.37578125 0.27890625 0.08828125 0.1625
1 0.4078125 0.31484375 0.06015625 0.10703125
1 0.0484375 0.32265625 0.05078125 0.0703125
1 0.19140625 0.346875 0.04921875 0.08046875
1 0.22421875 0.32421875 0.04140625 0.06796875
1 0.253125 0.32734375 0.03671875 0.078125
1 0.596875 0.325 0.03671875 0.07421875