0 0.125 0.22421875 0.25 0.4484375
0 0.36953125 0.14140625 0.22265625 0.2828125
0 0.496875 0.1078125 0.09375 0.215625
0 0.60546875 0.0765625 0.1359375 0.153125
0 0.72578125 0.190625 0.090625 0.225
0 0.7953125 0.1828125 0.04765625 0.10625
0 0.89140625 0.1609375 0.03515625 0.06796875
0 0.82265625 0.16796875 0.034375 0.08671875
1 0.93046875 0.31875 0.025 0.0484375
1 0.9625 0.309375 0.025 0.04296875
1 0.85234375 0.17734375 0.03125 0.078125
1 0.7671875 0.21328125 0.0375 0.103125
1 0.6609375 0.1140625 0.07890625 0.19453125