0 0.084375 0.3609375 0.078125 0.14921875
0 0.1921875 0.31015625 0.07109375 0.1078125
0 0.1921875 0.42109375 0.0671875 0.11328125
0 0.28515625 0.37578125 0.06171875 0.13125
0 0.25390625 0.371875 0.03828125 0.0984375
0 0.3234375 0.40625 0.03671875 0.08984375
0 0.34453125 0.396875 0.0421875 0.11328125
0 0.39375 0.42421875 0.05234375 0.11328125
0 0.440625 0.44140625 0.0421875 0.08984375
0 0.5984375 0.40859375 0.04375 0.0953125
0 0.6234375 0.35390625 0.05078125 0.0984375
0 0.6703125 0.35703125 0.0421875 0.1046875
0 0.721875 0.37890625 0.04765625 0.1015625
0 0.759375 0.3734375 0.0421875 0.08359375
0 0.84296875 0.4328125 0.04921875 0.08984375
0 0.88203125 0.41171875 0.04765625 0.08359375
0 0.93203125 0.428125 0.0421875 0.0921875
1 0.5328125 0.3984375 0.06171875 0.11015625
1 0.0203125 0.4296875 0.03984375 0.1015625