0 0.05703125 0.79921875 0.1140625 0.21640625
0 0.12890625 0.6578125 0.0453125 0.08359375
0 0.21796875 0.621875 0.0328125 0.053125
0 0.22734375 0.68125 0.0578125 0.11640625
0 0.3015625 0.68046875 0.075 0.109375
0 0.0703125 0.54453125 0.01875 0.0328125
0 0.415625 0.65703125 0.053125 0.1046875
0 0.471875 0.70078125 0.065625 0.128125
0 0.54375 0.7578125 0.103125 0.1765625
0 0.54765625 0.62109375 0.0359375 0.046875
0 0.61015625 0.61953125 0.0359375 0.053125
0 0.709375 0.74765625 0.096875 0.16484375
0 0.7828125 0.86640625 0.2 0.2625
0 0.67421875 0.6734375 0.0640625 0.0953125
0 0.73046875 0.63359375 0.0328125 0.0578125
0 0.83828125 0.69921875 0.0796875 0.1328125
0 0.91328125 0.71171875 0.0703125 0.13984375
0 0.7140625 0.60078125 0.021875 0.03984375
0 0.78125 0.621875 0.034375 0.053125
0 0.83203125 0.6078125 0.0296875 0.04453125
0 0.325 0.77421875 0.11875 0.1671875
0 0.346875 0.65078125 0.040625 0.07890625
0 0.18125 0.54765625 0.015625 0.02578125
0 0.5125 0.63984375 0.034375 0.06015625
1 0.95234375 0.59765625 0.0265625 0.0375
1 0.915625 0.62109375 0.028125 0.0421875
0 0.9390625 0.6453125 0.05 0.0671875
1 0.7453125 0.596875 0.01875 0.02578125
1 0.66015625 0.603125 0.0234375 0.03046875
1 0.790625 0.590625 0.01875 0.028125
1 0.871875 0.59296875 0.015625 0.028125
0 0.85078125 0.590625 0.0296875 0.0375
0 0.990625 0.61484375 0.015625 0.04921875
0 0.9296875 0.58828125 0.01875 0.0234375
0 0.96953125 0.59921875 0.0171875 0.03515625