0 0.2546875 0.33828125 0.0765625 0.1359375
0 0.1765625 0.75703125 0.10859375 0.18671875
0 0.09765625 0.69921875 0.08515625 0.14453125
0 0.0140625 0.44609375 0.028125 0.1171875
0 0.371875 0.36953125 0.08203125 0.14453125
0 0.5109375 0.34453125 0.0953125 0.17734375
0 0.36484375 0.91484375 0.1421875 0.16796875
1 0.7359375 0.340625 0.09296875 0.1515625
1 0.68671875 0.34921875 0.05625 0.125
1 0.95390625 0.54609375 0.09140625 0.1671875
1 0.5640625 0.3703125 0.0671875 0.12109375
1 0.45859375 0.34375 0.03828125 0.0921875
0 0.37109375 0.37109375 0.08515625 0.15234375
1 0.2875 0.36640625 0.0328125 0.04765625