0 0.73984375 0.38671875 0.0203125 0.01328125
0 0.6375 0.3921875 0.0203125 0.01171875
0 0.625 0.41953125 0.0203125 0.01484375
0 0.47734375 0.4734375 0.0203125 0.01328125
0 0.56015625 0.4921875 0.0203125 0.01484375
0 0.49765625 0.4453125 0.01484375 0.01328125
0 0.53125 0.45 0.0171875 0.01328125
0 0.2640625 0.90078125 0.0375 0.028125
0 0.2765625 0.86171875 0.0421875 0.0265625
0 0.3171875 0.6734375 0.0296875 0.0203125
1 0.5921875 0.5890625 0.0203125 0.01484375
1 0.5234375 0.6734375 0.02734375 0.0203125
1 0.37265625 0.66796875 0.025 0.0203125
1 0.40390625 0.5125 0.02265625 0.01796875
1 0.15234375 0.63671875 0.025 0.0203125
1 0.08984375 0.64296875 0.0296875 0.0203125
1 0.0375 0.6859375 0.025 0.021875
1 0.02734375 0.70859375 0.025 0.0234375
1 0.0125 0.84296875 0.025 0.0265625
1 0.02734375 0.8109375 0.03515625 0.028125
1 0.1796875 0.8765625 0.03515625 0.0234375
1 0.10859375 0.9234375 0.0421875 0.0296875
1 0.0140625 0.9015625 0.02734375 0.0265625
1 0.00859375 0.87109375 0.0171875 0.025
1 0.7328125 0.778125 0.0296875 0.0234375
1 0.53359375 0.94609375 0.0375 0.028125
1 0.5703125 0.896875 0.03515625 0.0265625
1 0.2359375 0.9515625 0.0421875 0.0265625
1 0.38984375 0.83203125 0.0296875 0.0234375
1 0.42734375 0.82734375 0.0296875 0.021875
1 0.43359375 0.796875 0.02734375 0.0234375
0 0.3921875 0.78515625 0.03515625 0.0234375
0 0.58984375 0.821875 0.03984375 0.0265625
1 0.91640625 0.98046875 0.0421875 0.028125
1 0.98984375 0.8609375 0.01484375 0.025
1 0.32734375 0.71953125 0.0296875 0.025
1 0.64140625 0.52734375 0.02265625 0.01484375
0 0.67265625 0.4953125 0.025 0.01640625
1 0.7234375 0.465625 0.0171875 0.01171875
1 0.1953125 0.34765625 0.01484375 0.01171875
1 0.17265625 0.3484375 0.01484375 0.01015625
1 0.1453125 0.35234375 0.01484375 0.01171875
1 0.0984375 0.38046875 0.0171875 0.01171875