0 0.5078125 0.73359375 0.02109375 0.02578125
0 0.734375 0.58828125 0.0171875 0.02578125
0 0.7890625 0.5828125 0.01875 0.02578125
0 0.75546875 0.58984375 0.0171875 0.02421875
0 0.76796875 0.609375 0.01875 0.02421875
0 0.55625 0.59921875 0.01015625 0.01171875
0 0.10703125 0.60625 0.00859375 0.0140625
0 0.14375 0.59140625 0.01015625 0.01640625
0 0.196875 0.57578125 0.00546875 0.01171875
0 0.31640625 0.61796875 0.01015625 0.01640625
0 0.3640625 0.57421875 0.00859375 0.0140625
0 0.90859375 0.63359375 0.0140625 0.02421875