0 0.8515625 0.53828125 0.13125 0.21328125
0 0.15625 0.728125 0.1 0.1296875
0 0.5109375 0.25078125 0.021875 0.03828125
0 0.4234375 0.321875 0.021875 0.03828125
0 0.40546875 0.31015625 0.0171875 0.034375
0 0.32734375 0.48671875 0.0296875 0.05
0 0.19921875 0.38671875 0.0296875 0.0453125
1 0.56484375 0.82265625 0.1421875 0.22734375
1 0.39375 0.67421875 0.11875 0.15234375
0 0.63046875 0.19765625 0.0140625 0.02265625
0 0.48984375 0.29296875 0.0171875 0.02734375
1 0.48828125 0.428125 0.0234375 0.0296875
0 0.584375 0.18828125 0.01875 0.02734375
1 0.09140625 0.66171875 0.0703125 0.109375
1 0.0375 0.63515625 0.0625 0.10234375
1 0.0234375 0.69296875 0.046875 0.15
1 0.40546875 0.8828125 0.2046875 0.2296875