0 0.34609375 0.2109375 0.06015625 0.134375
0 0.3890625 0.27421875 0.05390625 0.0984375
0 0.315625 0.2421875 0.03203125 0.08984375
0 0.2078125 0.2765625 0.0359375 0.06875
0 0.1828125 0.23828125 0.02578125 0.0625
0 0.1546875 0.26015625 0.02578125 0.04765625
0 0.07734375 0.22578125 0.0296875 0.05078125
0 0.77890625 0.24375 0.0703125 0.134375
0 0.925 0.2796875 0.02578125 0.0390625
1 0.625 0.26171875 0.065625 0.12265625
1 0.86796875 0.26796875 0.02421875 0.0328125
1 0.05703125 0.2796875 0.034375 0.05078125