0 0.5125 0.60625 0.021875 0.03515625
0 0.4390625 0.60625 0.0234375 0.03515625
1 0.390625 0.5765625 0.01796875 0.02421875
0 0.42109375 0.56953125 0.0234375 0.0328125
1 0.37265625 0.571875 0.01484375 0.021875
0 0.35546875 0.56796875 0.0203125 0.0296875
1 0.3609375 0.51328125 0.0125 0.02421875
1 0.47734375 0.4671875 0.0125 0.01875
1 0.93671875 0.34453125 0.02890625 0.05703125
1 0.9578125 0.3515625 0.03671875 0.04921875
1 0.959375 0.31875 0.01640625 0.02734375
1 0.97265625 0.31328125 0.01796875 0.02734375
1 0.88515625 0.35 0.021875 0.040625
1 0.90703125 0.359375 0.01484375 0.0328125
1 0.91171875 0.3390625 0.0203125 0.03515625
1 0.85078125 0.36484375 0.021875 0.0328125
1 0.8375 0.3625 0.01640625 0.0328125
1 0.79296875 0.38046875 0.021875 0.0296875
1 0.80390625 0.465625 0.021875 0.03828125
1 0.81875 0.35859375 0.0203125 0.03515625
1 0.865625 0.35703125 0.01796875 0.02734375