0 0.07734375 0.38984375 0.059375 0.08828125
0 0.1578125 0.37578125 0.0453125 0.07890625
0 0.21953125 0.3734375 0.040625 0.06875
0 0.27890625 0.38828125 0.0375 0.059375
0 0.35390625 0.40078125 0.034375 0.05546875
0 0.4390625 0.3703125 0.03671875 0.05703125
0 0.5078125 0.38125 0.03359375 0.05546875
0 0.5640625 0.37890625 0.034375 0.0578125
0 0.646875 0.35703125 0.0328125 0.05703125
0 0.6671875 0.39296875 0.03203125 0.0609375
0 0.71328125 0.3796875 0.03828125 0.065625
0 0.7953125 0.39609375 0.05078125 0.0859375
0 0.89765625 0.3390625 0.05234375 0.084375
0 0.9453125 0.3765625 0.04375 0.05390625