0 0.15703125 0.240625 0.05625 0.13125
0 0.2078125 0.23515625 0.06015625 0.13671875
0 0.26484375 0.20078125 0.07109375 0.1390625
0 0.31328125 0.24296875 0.05625 0.13671875
0 0.35625 0.23125 0.06171875 0.1609375
0 0.38828125 0.25234375 0.02734375 0.0625
0 0.44453125 0.2390625 0.0671875 0.1390625
0 0.51875 0.2625 0.06328125 0.13125
0 0.56796875 0.1984375 0.0671875 0.1609375
0 0.64765625 0.19140625 0.03984375 0.09296875
0 0.68125 0.22265625 0.06015625 0.128125
0 0.69921875 0.1546875 0.05625 0.08984375
0 0.78984375 0.1421875 0.05234375 0.0984375
0 0.8109375 0.17734375 0.06875 0.12578125
1 0.41015625 0.38828125 0.0671875 0.1421875