0 0.68046875 0.2703125 0.35625 0.540625
0 0.86015625 0.1359375 0.02890625 0.053125
0 0.85625 0.1921875 0.025 0.059375
0 0.88046875 0.3046875 0.03515625 0.071875
0 0.90625 0.375 0.0375 0.05625
0 0.93828125 0.31875 0.03515625 0.06875
0 0.91640625 0.2703125 0.0375 0.065625
0 0.92578125 0.190625 0.03125 0.0625
0 0.965625 0.2625 0.03515625 0.0625
0 0.915625 0.1328125 0.02734375 0.059375
0 0.96328125 0.1484375 0.03125 0.059375
0 0.98828125 0.196875 0.01875 0.05
0 0.94375 0.0890625 0.02890625 0.046875
0 0.9625 0.0328125 0.03359375 0.059375
1 0.20390625 0.3921875 0.4078125 0.771875
1 0.33125 0.7171875 0.10390625 0.178125
1 0.46015625 0.08125 0.03359375 0.0625
1 0.425 0.0421875 0.03359375 0.059375