0 0.8203125 0.48984375 0.06015625 0.09296875
0 0.8515625 0.45703125 0.05234375 0.053125
0 0.98515625 0.53984375 0.025 0.09296875
0 0.77109375 0.48984375 0.04765625 0.0734375
0 0.69609375 0.4984375 0.04765625 0.08359375
0 0.7234375 0.48984375 0.02734375 0.053125
0 0.61875 0.4734375 0.05234375 0.0734375
0 0.58984375 0.4703125 0.025 0.06640625
0 0.5328125 0.49140625 0.0453125 0.06328125
0 0.4984375 0.48359375 0.02265625 0.053125
0 0.43984375 0.46484375 0.03984375 0.06328125
0 0.4015625 0.471875 0.0375 0.0703125
0 0.3671875 0.46796875 0.025 0.03671875
0 0.34140625 0.46328125 0.0328125 0.053125
0 0.30859375 0.4796875 0.02734375 0.053125
0 0.26875 0.4796875 0.02734375 0.03984375
0 0.2484375 0.4703125 0.02265625 0.046875
0 0.21015625 0.4953125 0.0296875 0.04296875
1 0.04765625 0.46171875 0.0796875 0.11015625