0 0.5609375 0.2265625 0.08125 0.16015625
0 0.8796875 0.2796875 0.1171875 0.2203125
0 0.7859375 0.1328125 0.0875 0.19375
0 0.6890625 0.11015625 0.0703125 0.1375
0 0.5390625 0.1109375 0.05859375 0.11640625
0 0.4609375 0.1484375 0.0671875 0.1546875
0 0.3640625 0.18984375 0.0796875 0.16171875
0 0.33125 0.1140625 0.0625 0.12265625
1 0.3796875 0.0671875 0.03515625 0.065625
1 0.49296875 0.03125 0.0265625 0.05078125
1 0.59375 0.09453125 0.02734375 0.0453125
1 0.61171875 0.0796875 0.02109375 0.046875
1 0.63359375 0.0703125 0.025 0.03984375
1 0.65625 0.09609375 0.01484375 0.03359375
1 0.7296875 0.11953125 0.02265625 0.05859375
1 0.7796875 0.00546875 0.0171875 0.0109375
1 0.7265625 0.00625 0.015625 0.0125
1 0.92421875 0.0078125 0.01875 0.01484375
1 0.94609375 0.18984375 0.0328125 0.06796875
1 0.94921875 0.1390625 0.03125 0.0453125
1 0.0984375 0.03359375 0.0203125 0.03359375
1 0.08203125 0.0328125 0.0234375 0.0359375
1 0.13359375 0.021875 0.0546875 0.04296875