0 0.75625 0.70234375 0.134375 0.16171875
0 0.14296875 0.7390625 0.10703125 0.12890625
0 0.40546875 0.7484375 0.0328125 0.034375
0 0.27421875 0.71015625 0.0328125 0.0421875
0 0.328125 0.75546875 0.0203125 0.0234375
0 0.309375 0.73828125 0.021875 0.02890625
0 0.24296875 0.74921875 0.0125 0.01484375
0 0.37890625 0.759375 0.009375 0.0125
0 0.3875 0.75546875 0.0109375 0.01640625
0 0.35625 0.76015625 0.0109375 0.01484375
0 0.2421875 0.2125 0.0984375 0.10546875
0 0.69453125 0.2625 0.0578125 0.07109375
0 0.81171875 0.28359375 0.06015625 0.07265625