0 0.0765625 0.56015625 0.065625 0.109375
0 0.5390625 0.5296875 0.06015625 0.09296875
0 0.75078125 0.35625 0.02890625 0.0515625
0 0.815625 0.3671875 0.0234375 0.040625
0 0.62421875 0.4890625 0.05234375 0.0984375
1 0.45625 0.6390625 0.06171875 0.109375
1 0.62109375 0.5953125 0.06015625 0.109375
1 0.6953125 0.5109375 0.05234375 0.0875
1 0.7765625 0.5625 0.04375 0.09296875
1 0.88203125 0.61328125 0.06875 0.10625
1 0.91640625 0.540625 0.065625 0.0984375
1 0.9828125 0.4578125 0.03125 0.07890625
1 0.69453125 0.45234375 0.03984375 0.0515625
1 0.74375 0.45234375 0.02890625 0.05703125
1 0.790625 0.415625 0.03671875 0.04921875
1 0.3078125 0.60078125 0.07109375 0.13125
1 0.15625 0.6328125 0.06171875 0.11171875
1 0.35234375 0.57890625 0.04375 0.08203125
1 0.46328125 0.5234375 0.03984375 0.0953125
1 0.4375 0.48203125 0.03828125 0.06796875
1 0.49765625 0.446875 0.02734375 0.040625