0 0.42578125 0.31640625 0.0765625 0.14453125
0 0.465625 0.35 0.04375 0.09765625
0 0.596875 0.3328125 0.0890625 0.16953125
0 0.6921875 0.38359375 0.0359375 0.06015625
0 0.6484375 0.3859375 0.03515625 0.0546875
0 0.7328125 0.3734375 0.04765625 0.0734375
0 0.78125 0.3546875 0.05 0.103125
0 0.8953125 0.38828125 0.0359375 0.065625
0 0.92265625 0.3796875 0.02734375 0.06796875
0 0.95390625 0.378125 0.04765625 0.07890625
0 0.325 0.35625 0.0453125 0.1109375
0 0.3578125 0.3765625 0.02734375 0.0546875
0 0.38046875 0.37421875 0.02109375 0.04921875
0 0.28671875 0.353125 0.02890625 0.05625
0 0.2453125 0.3 0.0671875 0.11875
0 0.21328125 0.3484375 0.03359375 0.05078125
0 0.153125 0.3546875 0.0609375 0.1109375
0 0.1078125 0.375 0.04140625 0.05859375
0 0.0546875 0.3234375 0.0578125 0.1125
0 0.02890625 0.38046875 0.025 0.0359375
1 0.83671875 0.3609375 0.06875 0.13125