0 0.07265625 0.49765625 0.01796875 0.03515625
0 0.09765625 0.4890625 0.0203125 0.03515625
0 0.12734375 0.5078125 0.01796875 0.03515625
0 0.15625 0.51796875 0.01796875 0.0328125
0 0.1671875 0.50390625 0.01796875 0.0328125
0 0.14765625 0.490625 0.01484375 0.02734375
0 0.1609375 0.46015625 0.01640625 0.0328125
0 0.18359375 0.46015625 0.01484375 0.02734375
0 0.20703125 0.45078125 0.01484375 0.02421875
0 0.19609375 0.5296875 0.01796875 0.03515625
0 0.22109375 0.5296875 0.01640625 0.03515625
0 0.20625 0.50703125 0.01640625 0.02734375
0 0.2171875 0.4921875 0.01640625 0.0296875
0 0.22421875 0.4765625 0.01640625 0.0328125
0 0.24375 0.459375 0.01484375 0.0296875
0 0.26484375 0.45078125 0.009375 0.02421875
0 0.28671875 0.4578125 0.0125 0.02734375
0 0.259375 0.48125 0.0125 0.01875
0 0.2734375 0.47421875 0.0125 0.021875
0 0.28203125 0.49609375 0.01796875 0.0328125
0 0.2703125 0.50234375 0.0125 0.0296875
0 0.2578125 0.5 0.01484375 0.02421875
0 0.24609375 0.49609375 0.01640625 0.0328125
0 0.2546875 0.52578125 0.01796875 0.0328125
0 0.309375 0.48671875 0.01796875 0.0296875
0 0.321875 0.46484375 0.01484375 0.0296875
0 0.3078125 0.4359375 0.0125 0.021875
0 0.3125 0.40078125 0.0109375 0.01640625
0 0.340625 0.3484375 0.009375 0.01640625
0 0.3515625 0.34296875 0.009375 0.01640625
0 0.3375 0.48203125 0.01640625 0.0328125
0 0.34453125 0.45625 0.0125 0.02421875
0 0.36171875 0.44296875 0.01484375 0.02421875
0 0.3828125 0.4484375 0.01640625 0.02421875
0 0.36796875 0.4796875 0.01640625 0.0328125
0 0.38828125 0.478125 0.01640625 0.03515625
0 0.40390625 0.46484375 0.01484375 0.02421875
0 0.40703125 0.4453125 0.0109375 0.02421875
0 0.4109375 0.39765625 0.0109375 0.01640625
0 0.50625 0.39609375 0.009375 0.01875
0 0.42890625 0.446875 0.01484375 0.02734375
0 0.45078125 0.44453125 0.01484375 0.0328125
0 0.47109375 0.44453125 0.01484375 0.01640625
0 0.47421875 0.46328125 0.01484375 0.021875
0 0.50078125 0.459375 0.01640625 0.02421875
0 0.52265625 0.45078125 0.0203125 0.02421875
0 0.52109375 0.48359375 0.01640625 0.03515625
0 0.521875 0.5203125 0.01484375 0.0328125
0 0.53125 0.5984375 0.01796875 0.04609375
0 0.4890625 0.58984375 0.01796875 0.040625
0 0.49609375 0.5234375 0.01796875 0.03828125
0 0.5015625 0.48671875 0.01484375 0.0296875
0 0.47265625 0.51875 0.01796875 0.03515625
0 0.45625 0.50234375 0.01484375 0.0296875
0 0.44296875 0.48125 0.01640625 0.0296875
0 0.4671875 0.48515625 0.01484375 0.0328125
0 0.44375 0.52421875 0.01796875 0.03515625
0 0.42109375 0.52421875 0.0203125 0.03515625
0 0.4203125 0.490625 0.01484375 0.02734375
0 0.4015625 0.49765625 0.01484375 0.03515625
0 0.38984375 0.53828125 0.01640625 0.03515625
0 0.37421875 0.5125 0.01484375 0.02734375
0 0.37421875 0.54609375 0.01796875 0.03515625
0 0.34453125 0.51484375 0.01640625 0.03828125
0 0.32734375 0.52734375 0.01796875 0.03515625
0 0.30234375 0.53125 0.01640625 0.0328125
0 0.17421875 0.609375 0.021875 0.040625
0 0.17890625 0.66640625 0.0203125 0.040625
0 0.19921875 0.6578125 0.0234375 0.040625
0 0.2078125 0.596875 0.0203125 0.03828125
0 0.2390625 0.59375 0.0203125 0.03828125
0 0.2390625 0.6484375 0.0203125 0.04375
0 0.27734375 0.6515625 0.0203125 0.04375
0 0.27578125 0.59375 0.0203125 0.03828125
0 0.3 0.5875 0.01796875 0.040625
0 0.33125 0.59296875 0.01796875 0.03515625
0 0.3328125 0.646875 0.01796875 0.040625
0 0.36171875 0.60234375 0.021875 0.03828125
0 0.37890625 0.64140625 0.0203125 0.040625
0 0.3953125 0.60234375 0.01640625 0.03828125
0 0.4234375 0.60390625 0.01796875 0.03515625
0 0.47578125 0.640625 0.0203125 0.04375
0 0.49296875 0.63515625 0.01796875 0.04375
0 0.6015625 0.6484375 0.021875 0.04375
0 0.55546875 0.59921875 0.0203125 0.03828125
0 0.6328125 0.6265625 0.021875 0.04375
0 0.66015625 0.64453125 0.01796875 0.040625
0 0.6921875 0.60078125 0.0203125 0.040625
0 0.7125 0.646875 0.01796875 0.040625
0 0.7578125 0.6484375 0.021875 0.03828125
0 0.8125 0.6515625 0.01796875 0.03828125
0 0.5453125 0.521875 0.01796875 0.03515625
0 0.5796875 0.52578125 0.01796875 0.0328125
0 0.6015625 0.52578125 0.01796875 0.04375
0 0.62578125 0.52578125 0.01796875 0.03828125
0 0.6515625 0.521875 0.0203125 0.040625
0 0.66640625 0.509375 0.0203125 0.0328125
0 0.6796875 0.53671875 0.01796875 0.04375
0 0.70078125 0.540625 0.0203125 0.03515625
0 0.72265625 0.534375 0.0203125 0.03828125
0 0.75078125 0.56015625 0.021875 0.040625
0 0.78359375 0.5515625 0.01796875 0.03515625
0 0.81328125 0.5453125 0.01640625 0.0328125
0 0.9046875 0.52734375 0.0203125 0.03515625
0 0.92421875 0.50546875 0.01640625 0.0296875
0 0.9484375 0.521875 0.0203125 0.040625
0 0.85390625 0.51484375 0.0203125 0.03828125
0 0.8265625 0.50390625 0.0203125 0.03828125
0 0.80390625 0.5015625 0.01796875 0.03828125
0 0.78671875 0.50234375 0.0203125 0.03515625
0 0.88984375 0.47265625 0.01640625 0.03515625
0 0.865625 0.4484375 0.01796875 0.0296875
0 0.8578125 0.48671875 0.01796875 0.03515625
0 0.83984375 0.4921875 0.01484375 0.0296875
0 0.76875 0.4765625 0.01796875 0.03828125
0 0.78203125 0.459375 0.01484375 0.0296875
0 0.79921875 0.47265625 0.01640625 0.0296875
0 0.8 0.4390625 0.01484375 0.021875
0 0.76328125 0.44296875 0.01796875 0.02421875
0 0.74375 0.446875 0.01796875 0.02734375
0 0.73203125 0.46484375 0.01640625 0.02421875
0 0.7328125 0.4984375 0.01484375 0.02734375
1 0.71640625 0.49296875 0.01796875 0.02734375
0 0.69453125 0.50703125 0.01796875 0.02734375
0 0.68125 0.4875 0.01640625 0.02734375
0 0.66015625 0.48515625 0.01796875 0.02734375
0 0.64375 0.48515625 0.01484375 0.0328125
0 0.62890625 0.49765625 0.01484375 0.0296875
0 0.62734375 0.4765625 0.01484375 0.021875
0 0.6046875 0.49765625 0.0125 0.01875
0 0.59765625 0.48515625 0.01640625 0.02734375
0 0.609375 0.47421875 0.01484375 0.02734375
0 0.66328125 0.4453125 0.01484375 0.0296875
0 0.68125 0.45390625 0.01640625 0.0296875
0 0.63984375 0.45625 0.01796875 0.0296875
0 0.7046875 0.40078125 0.009375 0.01640625
0 0.69921875 0.35 0.009375 0.01328125
0 0.68671875 0.3421875 0.009375 0.01328125
0 0.66875 0.3328125 0.0109375 0.01640625
0 0.58984375 0.39765625 0.009375 0.01640625
0 0.61484375 0.43984375 0.01484375 0.02421875
0 0.5953125 0.45390625 0.01640625 0.02421875
0 0.5828125 0.4359375 0.0125 0.02734375
0 0.56015625 0.48671875 0.01796875 0.0296875
0 0.5375 0.4921875 0.0203125 0.02421875
0 0.54609375 0.47109375 0.01640625 0.021875
0 0.55546875 0.4546875 0.01640625 0.02734375
0 0.53984375 0.425 0.01484375 0.02734375
1 0.5109375 0.425 0.01484375 0.021875
0 0.8265625 0.4390625 0.01640625 0.0328125
0 0.49296875 0.425 0.0109375 0.021875
1 0.44375 0.640625 0.01796875 0.0328125