0 0.14296875 0.51484375 0.08203125 0.15234375
0 0.21015625 0.61875 0.06015625 0.09296875
0 0.228125 0.5734375 0.06015625 0.10078125
0 0.4328125 0.571875 0.06171875 0.11953125
0 0.47734375 0.59296875 0.0453125 0.10078125
0 0.5375 0.571875 0.06015625 0.1140625
0 0.77890625 0.60234375 0.0421875 0.0984375
0 0.840625 0.63515625 0.0421875 0.0875
0 0.971875 0.6296875 0.03828125 0.08203125
0 0.75078125 0.6265625 0.02890625 0.065625
0 0.80703125 0.61171875 0.02578125 0.0515625
0 0.05625 0.5640625 0.02578125 0.04921875
0 0.02421875 0.5765625 0.0234375 0.04609375
0 0.0046875 0.575 0.009375 0.0328125
0 0.38984375 0.5953125 0.03125 0.05703125
1 0.3515625 0.5109375 0.0671875 0.10625