0 0.7203125 0.26875 0.11171875 0.1890625
0 0.82578125 0.29453125 0.0796875 0.14453125
0 0.9171875 0.36640625 0.15 0.21015625
0 0.7828125 0.303125 0.04609375 0.1140625
0 0.66484375 0.303125 0.05 0.08984375
0 0.6203125 0.37109375 0.084375 0.12890625
0 0.615625 0.29765625 0.05625 0.071875
0 0.578125 0.309375 0.0359375 0.078125
0 0.55 0.33359375 0.03203125 0.071875
0 0.5171875 0.3078125 0.0578125 0.1109375
0 0.478125 0.32734375 0.0359375 0.071875
0 0.4453125 0.3078125 0.0421875 0.08671875
0 0.41015625 0.29765625 0.0359375 0.078125
0 0.3859375 0.3046875 0.02421875 0.06328125
0 0.34765625 0.29765625 0.03984375 0.078125
0 0.321875 0.29609375 0.02421875 0.05703125
0 0.29609375 0.3078125 0.03203125 0.05703125
0 0.0953125 0.32890625 0.021875 0.0328125
0 0.1359375 0.31953125 0.0203125 0.0390625
0 0.22578125 0.31796875 0.0203125 0.0421875
1 0.184375 0.29453125 0.08828125 0.1625