0 0.2828125 0.29296875 0.0703125 0.12890625
0 0.01484375 0.303125 0.02578125 0.0484375
0 0.04765625 0.3 0.028125 0.0484375
0 0.06796875 0.29140625 0.0203125 0.0421875
0 0.0921875 0.3046875 0.015625 0.02734375
0 0.1203125 0.28359375 0.02421875 0.0453125
0 0.14296875 0.28203125 0.021875 0.0421875
0 0.16328125 0.29453125 0.02578125 0.0421875
0 0.18828125 0.29296875 0.015625 0.0328125
0 0.20234375 0.28828125 0.0203125 0.0421875
0 0.2203125 0.28671875 0.0203125 0.0453125
0 0.39609375 0.28203125 0.05625 0.10234375
0 0.36015625 0.27890625 0.02421875 0.0484375
0 0.33984375 0.278125 0.0203125 0.0390625
0 0.3203125 0.2765625 0.0203125 0.0359375
0 0.2359375 0.29453125 0.015625 0.0296875
0 0.4359375 0.265625 0.028125 0.05078125
0 0.4546875 0.2625 0.021875 0.05078125
0 0.475 0.278125 0.021875 0.0453125
0 0.51796875 0.271875 0.02421875 0.05078125
0 0.54921875 0.2734375 0.021875 0.0421875
0 0.5578125 0.259375 0.015625 0.0328125
0 0.57421875 0.28359375 0.0203125 0.0328125
0 0.58671875 0.2734375 0.01796875 0.05390625
0 0.665625 0.29609375 0.028125 0.05078125
1 0.49609375 0.2765625 0.03203125 0.06640625
0 0.74921875 0.25859375 0.034375 0.06015625
0 0.81484375 0.28828125 0.02578125 0.0421875
0 0.83515625 0.25390625 0.02578125 0.0453125
0 0.878125 0.3015625 0.028125 0.05078125
0 0.90390625 0.28203125 0.02421875 0.0484375
0 0.97890625 0.303125 0.0296875 0.05390625
0 0.95 0.271875 0.028125 0.0453125
0 0.97734375 0.2609375 0.01796875 0.0296875
0 0.99296875 0.28515625 0.01015625 0.0484375
0 0.8578125 0.28359375 0.02421875 0.0328125
0 0.7890625 0.28671875 0.021875 0.0453125
0 0.63984375 0.265625 0.0203125 0.0453125
0 0.61015625 0.275 0.0203125 0.0453125
0 0.62109375 0.2734375 0.01796875 0.0359375
0 0.71015625 0.28828125 0.02421875 0.0484375
0 0.6890625 0.2640625 0.0140625 0.0359375