0 0.18359375 0.05546875 0.0828125 0.09921875
0 0.278125 0.11015625 0.07890625 0.090625
0 0.39921875 0.059375 0.075 0.1046875
0 0.55859375 0.08828125 0.08125 0.09921875
0 0.71640625 0.0625 0.07734375 0.09921875
0 0.878125 0.08515625 0.0796875 0.103125
0 0.88125 0.39765625 0.08671875 0.0984375
0 0.6703125 0.35546875 0.084375 0.11328125
0 0.55390625 0.39609375 0.08984375 0.08515625
0 0.35625 0.39921875 0.0890625 0.1109375
0 0.19453125 0.3875 0.0890625 0.1078125
0 0.15234375 0.69453125 0.08515625 0.115625
0 0.225 0.69296875 0.065625 0.10546875
0 0.3734375 0.68671875 0.06875 0.0953125
0 0.48359375 0.69921875 0.06328125 0.09296875
0 0.590625 0.7015625 0.075 0.0796875
0 0.69921875 0.67578125 0.06875 0.09140625
0 0.784375 0.72578125 0.0671875 0.08828125
0 0.90234375 0.7046875 0.06796875 0.09453125