0 0.4703125 0.1046875 0.0796875 0.15546875
0 0.65234375 0.1703125 0.0359375 0.065625
0 0.8 0.16328125 0.04765625 0.08671875
0 0.89921875 0.12265625 0.04609375 0.078125
0 0.3671875 0.15546875 0.02578125 0.04765625
0 0.334375 0.16796875 0.028125 0.04765625
0 0.06796875 0.16640625 0.0203125 0.0390625
0 0.0890625 0.1703125 0.021875 0.04765625
0 0.11484375 0.1703125 0.0140625 0.02421875
0 0.12890625 0.1484375 0.034375 0.06875
0 0.1796875 0.16953125 0.01171875 0.02109375
0 0.18984375 0.16484375 0.01171875 0.02421875
0 0.20703125 0.1734375 0.0140625 0.02421875
0 0.2203125 0.171875 0.015625 0.0390625
0 0.2328125 0.16796875 0.0140625 0.02421875
0 0.26015625 0.1734375 0.01171875 0.02421875
0 0.28203125 0.1703125 0.015625 0.0359375
0 0.2703125 0.1734375 0.0078125 0.02421875
0 0.30390625 0.175 0.01171875 0.02109375
0 0.35078125 0.16953125 0.0140625 0.0328125
0 0.32265625 0.178125 0.01015625 0.0328125
0 0.43125 0.16640625 0.02578125 0.04453125