0 0.46484375 0.57265625 0.05390625 0.12109375
0 0.37421875 0.53125 0.03984375 0.07265625
0 0.3578125 0.60546875 0.06015625 0.12421875
0 0.325 0.5984375 0.04609375 0.11796875
0 0.2578125 0.52734375 0.03984375 0.1
0 0.18203125 0.64375 0.11171875 0.15234375
0 0.18125 0.8046875 0.16171875 0.2109375
0 0.5578125 0.6109375 0.071875 0.13515625
0 0.58671875 0.546875 0.05 0.0828125
0 0.56015625 0.51875 0.0359375 0.06953125
0 0.63203125 0.60703125 0.0640625 0.12109375
0 0.68203125 0.5125 0.04375 0.07578125
0 0.7078125 0.5640625 0.05234375 0.096875
0 0.79375 0.515625 0.03984375 0.0828125
0 0.89609375 0.5296875 0.04375 0.07578125
0 0.9078125 0.6109375 0.07578125 0.10703125
0 0.94609375 0.546875 0.05234375 0.0828125
1 0.84296875 0.58984375 0.065625 0.10703125
1 0.8390625 0.534375 0.05390625 0.05859375
1 0.984375 0.53671875 0.028125 0.06953125
1 0.53671875 0.29921875 0.02578125 0.05859375
1 0.43671875 0.5828125 0.02578125 0.08671875