0 0.21328125 0.14140625 0.0671875 0.10703125
0 0.33671875 0.1203125 0.0875 0.14453125
0 0.3765625 0.18828125 0.0328125 0.071875
0 0.06484375 0.13671875 0.0671875 0.128125
0 0.12265625 0.178125 0.05234375 0.09921875
0 0.29765625 0.51328125 0.1984375 0.34765625
0 0.44921875 0.47734375 0.1453125 0.26484375
0 0.515625 0.15 0.0671875 0.11796875
1 0.66171875 0.196875 0.08359375 0.16328125
1 0.7171875 0.22578125 0.0421875 0.10390625
1 0.77734375 0.140625 0.1796875 0.24296875
1 0.61484375 0.184375 0.0578125 0.15546875
1 0.2609375 0.1765625 0.06328125 0.10703125