0 0.51484375 0.23359375 0.065625 0.1171875
0 0.32109375 0.29375 0.0671875 0.1171875
0 0.290625 0.07734375 0.02578125 0.04921875
0 0.18203125 0.02109375 0.02578125 0.03671875
0 0.6234375 0.25859375 0.03671875 0.0890625
0 0.65390625 0.26875 0.02734375 0.05234375
0 0.75390625 0.26875 0.03828125 0.078125
0 0.79921875 0.25625 0.04921875 0.11484375
0 0.83125 0.28046875 0.01484375 0.02890625
0 0.35546875 0.1015625 0.01640625 0.03125
0 0.41640625 0.13984375 0.01484375 0.02890625
1 0.86640625 0.28203125 0.02734375 0.04140625