0 0.48125 0.51875 0.0578125 0.09921875
0 0.45 0.528125 0.028125 0.06796875
0 0.56484375 0.50859375 0.06171875 0.0734375
0 0.665625 0.5296875 0.071875 0.09296875
0 0.721875 0.5 0.03984375 0.05625
0 0.7328125 0.5453125 0.0421875 0.0625
0 0.78984375 0.54921875 0.04765625 0.06484375
0 0.915625 0.55078125 0.06015625 0.07890625
1 0.05234375 0.53984375 0.07578125 0.11875
1 0.16015625 0.52265625 0.02421875 0.03984375
1 0.196875 0.5453125 0.021875 0.03359375
1 0.24609375 0.528125 0.028125 0.03984375
1 0.29296875 0.546875 0.03828125 0.05390625
1 0.34921875 0.57890625 0.0421875 0.05625
1 0.23125 0.55390625 0.021875 0.028125
1 0.60703125 0.54921875 0.0296875 0.0421875
1 0.8671875 0.5609375 0.0703125 0.11015625