0 0.490625 0.41640625 0.025 0.03359375
0 0.590625 0.40546875 0.01796875 0.02890625
0 0.64140625 0.396875 0.01640625 0.02890625
0 0.7828125 0.3953125 0.01796875 0.03125
0 0.81171875 0.403125 0.0203125 0.02890625
1 0.18984375 0.415625 0.0234375 0.0359375
1 0.1609375 0.41796875 0.021875 0.0359375
1 0.39453125 0.41875 0.01796875 0.02890625
1 0.55078125 0.40546875 0.01796875 0.02421875
1 0.53203125 0.4125 0.01640625 0.02421875
1 0.71328125 0.39921875 0.01640625 0.02421875
1 0.67890625 0.4 0.01796875 0.021875
1 0.753125 0.3875 0.01640625 0.02421875
1 0.74453125 0.396875 0.01171875 0.0203125
1 0.82578125 0.39453125 0.01484375 0.02421875
1 0.7953125 0.4 0.01640625 0.0265625
0 0.78203125 0.3953125 0.01640625 0.03125
0 0.81171875 0.403125 0.01640625 0.02890625
0 0.8890625 0.396875 0.01796875 0.02890625