0 0.68203125 0.4578125 0.2203125 0.32734375
0 0.21328125 0.221875 0.3203125 0.44375
1 0.89375 0.6828125 0.10390625 0.17734375
1 0.7953125 0.56640625 0.06171875 0.12890625
1 0.80390625 0.47265625 0.05625 0.09921875
1 0.821875 0.4140625 0.04375 0.071875
1 0.92421875 0.45625 0.04375 0.06640625
1 0.940625 0.54921875 0.06171875 0.10234375
1 0.91796875 0.41328125 0.03203125 0.0390625
1 0.5453125 0.40859375 0.0421875 0.08984375
1 0.503125 0.41328125 0.03828125 0.06328125
1 0.5046875 0.5375 0.0578125 0.1078125
1 0.43203125 0.43671875 0.05234375 0.075
1 0.36875 0.59765625 0.0703125 0.08984375
1 0.36171875 0.53125 0.05625 0.084375
1 0.33828125 0.43984375 0.05234375 0.09296875
1 0.2796875 0.39453125 0.03984375 0.06875
1 0.2671875 0.44921875 0.0421875 0.075