0 0.4359375 0.40234375 0.06171875 0.10234375
0 0.4828125 0.4140625 0.0546875 0.08203125
0 0.75234375 0.3859375 0.06796875 0.0953125
0 0.35234375 0.42578125 0.0515625 0.09140625
1 0.559375 0.40546875 0.04140625 0.0640625
1 0.51953125 0.415625 0.03828125 0.06640625
1 0.02734375 0.45546875 0.0546875 0.1109375
1 0.63515625 0.4109375 0.04296875 0.07109375
1 0.67421875 0.4140625 0.03203125 0.05546875
1 0.96015625 0.415625 0.046875 0.0578125
1 0.9265625 0.39921875 0.04296875 0.06875
1 0.5828125 0.4078125 0.028125 0.046875