0 0.62734375 0.1765625 0.0375 0.059375
0 0.40546875 0.60078125 0.04296875 0.065625
0 0.0875 0.1390625 0.0359375 0.06171875
0 0.12578125 0.09765625 0.034375 0.07265625
0 0.1640625 0.12734375 0.03125 0.059375
0 0.428125 0.09609375 0.03828125 0.059375
1 0.2109375 0.5390625 0.04453125 0.0828125
1 0.0625 0.4703125 0.04296875 0.06796875
1 0.18046875 0.3125 0.0328125 0.06796875
1 0.2046875 0.25234375 0.0359375 0.06171875
1 0.1859375 0.2296875 0.03125 0.05078125
1 0.18828125 0.15390625 0.034375 0.053125
1 0.61328125 0.12421875 0.02734375 0.04921875