0 0.0671875 0.36875 0.0109375 0.015625
0 0.0921875 0.365625 0.01015625 0.015625
0 0.1203125 0.36015625 0.009375 0.01796875
0 0.15234375 0.36171875 0.009375 0.0171875
0 0.17734375 0.35703125 0.01015625 0.0171875
0 0.16484375 0.32109375 0.00859375 0.01640625
0 0.13203125 0.3234375 0.009375 0.01640625
0 0.103125 0.32265625 0.009375 0.01640625
0 0.07734375 0.3234375 0.009375 0.01640625
0 0.1859375 0.3171875 0.00859375 0.015625
0 0.08984375 0.290625 0.00859375 0.01875
0 0.1140625 0.28515625 0.01015625 0.01796875
0 0.1234375 0.2546875 0.00859375 0.015625
0 0.09296875 0.253125 0.009375 0.0171875
0 0.1 0.22734375 0.0109375 0.015625
0 0.11015625 0.19921875 0.01015625 0.015625
0 0.140625 0.20234375 0.01015625 0.01484375
0 0.13203125 0.228125 0.00859375 0.01796875
0 0.15859375 0.234375 0.00859375 0.01484375
0 0.18515625 0.22890625 0.009375 0.0171875
0 0.16953125 0.1984375 0.00859375 0.0171875
0 0.19375 0.2 0.00859375 0.015625
0 0.2125 0.20078125 0.009375 0.01640625
0 0.209375 0.23125 0.009375 0.015625
0 0.203125 0.36484375 0.009375 0.0171875
0 0.21484375 0.31640625 0.01015625 0.01640625
0 0.2375 0.3609375 0.01015625 0.01796875
0 0.23515625 0.39609375 0.01015625 0.015625
0 0.26015625 0.3953125 0.009375 0.0171875
0 0.26328125 0.3625 0.00859375 0.01796875
0 0.24921875 0.31953125 0.009375 0.015625
0 0.26875 0.31796875 0.00859375 0.0171875
0 0.22734375 0.4296875 0.01015625 0.0171875
0 0.2484375 0.4328125 0.009375 0.0125
0 0.22421875 0.46171875 0.009375 0.01875
0 0.24296875 0.47109375 0.009375 0.01484375
0 0.21875 0.50390625 0.0109375 0.01796875
0 0.23125 0.496875 0.01015625 0.01875
0 0.23515625 0.53046875 0.0109375 0.01953125
0 0.20859375 0.5265625 0.01171875 0.01796875
0 0.1703125 0.51640625 0.0109375 0.015625
0 0.1625 0.53828125 0.01171875 0.01875
0 0.1421875 0.5140625 0.0109375 0.01875
0 0.1375 0.5453125 0.0125 0.01796875
0 0.115625 0.51015625 0.0109375 0.01796875
0 0.1078125 0.54609375 0.01171875 0.01484375
0 0.52734375 0.44609375 0.01015625 0.015625
0 0.52734375 0.5078125 0.00859375 0.01796875
0 0.4421875 0.5125 0.00859375 0.01875
0 0.4453125 0.4390625 0.00859375 0.01875
0 0.91015625 0.5171875 0.01328125 0.01953125
0 0.88046875 0.51875 0.0109375 0.01875
0 0.89765625 0.47265625 0.0109375 0.02109375
0 0.86640625 0.475 0.01015625 0.0203125
0 0.8859375 0.43359375 0.01015625 0.0203125
0 0.8578125 0.43515625 0.01015625 0.015625
0 0.85390625 0.40078125 0.0109375 0.01796875
0 0.87421875 0.40625 0.01015625 0.0171875
0 0.89375 0.36875 0.01015625 0.01875
0 0.915625 0.36171875 0.0109375 0.015625
0 0.9390625 0.3640625 0.01015625 0.01484375
0 0.92265625 0.32890625 0.01015625 0.0171875
0 0.90234375 0.33046875 0.01015625 0.01640625
0 0.8828125 0.3296875 0.0109375 0.015625
0 0.8671875 0.365625 0.0109375 0.01875
0 0.8578125 0.33515625 0.01015625 0.01640625
0 0.840625 0.3703125 0.01015625 0.01875
0 0.8296875 0.3375 0.0109375 0.01796875
0 0.84453125 0.30625 0.009375 0.01796875
0 0.82265625 0.30703125 0.00859375 0.0171875
0 0.84140625 0.2859375 0.009375 0.015625
0 0.68125 0.1859375 0.0078125 0.01484375
0 0.70078125 0.18359375 0.0078125 0.01640625
0 0.71015625 0.22109375 0.0078125 0.01875
0 0.72421875 0.2828125 0.009375 0.01796875
0 0.72421875 0.3140625 0.01015625 0.0203125
0 0.7046875 0.31015625 0.01015625 0.01875
0 0.70859375 0.33359375 0.0109375 0.01796875
0 0.696875 0.2890625 0.00859375 0.0171875
0 0.6953125 0.26171875 0.0078125 0.015625
0 0.690625 0.24140625 0.0078125 0.01796875
0 0.6828125 0.22109375 0.00859375 0.01640625
0 0.71640625 0.24609375 0.00859375 0.0171875
0 0.7203125 0.25390625 0.00703125 0.01796875
0 0.7140625 0.37265625 0.00859375 0.01796875
0 0.74140625 0.36796875 0.009375 0.01875
0 0.77578125 0.371875 0.00859375 0.01875
0 0.76796875 0.3359375 0.01015625 0.0171875
0 0.7390625 0.3359375 0.00859375 0.0171875
0 0.815625 0.28125 0.00859375 0.01953125
0 0.80390625 0.371875 0.00859375 0.01875
0 0.7984375 0.3375 0.009375 0.01875
0 0.81015625 0.25390625 0.0078125 0.01875
0 0.8328125 0.25 0.00859375 0.01875
0 0.82734375 0.2328125 0.0078125 0.01640625
0 0.8203125 0.2078125 0.00859375 0.0171875
0 0.80234375 0.22578125 0.00859375 0.0171875
0 0.7921875 0.2109375 0.00859375 0.01796875
0 0.78359375 0.18828125 0.009375 0.01875
0 0.81328125 0.18359375 0.01015625 0.0171875
0 0.940625 0.7734375 0.01640625 0.021875
0 0.92578125 0.82578125 0.01484375 0.02109375
0 0.92109375 0.86640625 0.015625 0.0234375
0 0.87578125 0.746875 0.015625 0.021875
0 0.54296875 0.93203125 0.0125 0.02421875
0 0.51015625 0.75703125 0.01484375 0.0234375
0 0.48671875 0.76875 0.0109375 0.02265625
0 0.465625 0.75390625 0.01015625 0.0234375
0 0.440625 0.7625 0.01171875 0.02109375
0 0.4234375 0.8703125 0.01328125 0.02109375
0 0.4328125 0.7296875 0.0125 0.01875
0 0.01484375 0.75546875 0.01640625 0.02265625
0 0.1 0.74453125 0.015625 0.01875
0 0.0796875 0.515625 0.01015625 0.01875
0 0.071875 0.54765625 0.0125 0.01875
0 0.040625 0.55234375 0.01171875 0.0203125
0 0.01640625 0.546875 0.01484375 0.021875
0 0.03515625 0.5109375 0.01328125 0.01796875
0 0.23671875 0.234375 0.00859375 0.015625
0 0.240625 0.20859375 0.00859375 0.01796875
0 0.26640625 0.23203125 0.00859375 0.0171875
0 0.28515625 0.2328125 0.0078125 0.015625
0 0.2890625 0.20390625 0.0078125 0.015625
0 0.26875 0.2046875 0.00859375 0.015625