0 0.334375 0.50625 0.04296875 0.0453125
0 0.6890625 0.5046875 0.05078125 0.0625
1 0.0375 0.475 0.07421875 0.1078125
1 0.0890625 0.490625 0.0578125 0.0765625
1 0.20703125 0.45078125 0.08203125 0.103125
1 0.390625 0.4828125 0.0796875 0.09140625
1 0.4859375 0.49140625 0.0578125 0.07421875
1 0.58046875 0.50703125 0.040625 0.0578125
1 0.64296875 0.5140625 0.0796875 0.09609375
1 0.7953125 0.47109375 0.10546875 0.125
1 0.8890625 0.5109375 0.09140625 0.11328125
1 0.9671875 0.50390625 0.05546875 0.06484375