1 0.1703125 0.35078125 0.10546875 0.11328125
1 0.8640625 0.3625 0.06484375 0.0890625
1 0.56484375 0.340625 0.08203125 0.10859375
1 0.3453125 0.33046875 0.09375 0.10625
1 0.73828125 0.31796875 0.10546875 0.13515625
1 0.96015625 0.34375 0.05546875 0.0890625
1 0.515625 0.3734375 0.040625 0.0671875
1 0.61875 0.35390625 0.040625 0.0671875
1 0.09375 0.37109375 0.0484375 0.0671875
1 0.24375 0.36953125 0.03125 0.04609375
1 0.025 0.38359375 0.05 0.0703125
1 0.46484375 0.37578125 0.03125 0.03828125
1 0.64765625 0.3671875 0.040625 0.05546875
1 0.4171875 0.39140625 0.040625 0.05078125
1 0.39453125 0.3515625 0.03359375 0.0578125
1 0.978125 0.30703125 0.02890625 0.12734375
1 0.171875 0.01796875 0.1078125 0.0359375
1 0.56640625 0.021875 0.084375 0.04375
1 0.34375 0.0265625 0.09609375 0.053125
1 0.7390625 0.03984375 0.1078125 0.0796875
1 0.959375 0.015625 0.0578125 0.03125
1 0.9796875 0.04375 0.03125 0.08671875