1 0.025 0.3375 0.05 0.1125
1 0.16953125 0.390625 0.06484375 0.08203125
1 0.24140625 0.37265625 0.06015625 0.06484375
1 0.3921875 0.33984375 0.0625 0.08203125
1 0.4328125 0.36640625 0.04296875 0.0671875
1 0.49765625 0.36640625 0.0578125 0.0671875
1 0.5828125 0.38203125 0.0453125 0.05546875
1 0.68359375 0.37109375 0.040625 0.053125
1 0.7484375 0.33515625 0.06953125 0.08203125
1 0.9046875 0.3953125 0.0453125 0.0578125
1 0.025 0.02421875 0.05 0.0484375
1 0.39296875 0.015625 0.06484375 0.03125
1 0.74765625 0.01796875 0.071875 0.0359375