1 0.78828125 0.29609375 0.071875 0.08671875
1 0.30859375 0.29140625 0.06953125 0.08671875
1 0.61875 0.29765625 0.06953125 0.0796875
1 0.125 0.3109375 0.08203125 0.09609375
1 0.48828125 0.290625 0.0578125 0.06953125
1 0.9125 0.29375 0.11796875 0.125
1 0.86796875 0.275 0.071875 0.1015625
1 0.4171875 0.32265625 0.05078125 0.0625
1 0.78828125 0.0421875 0.071875 0.084375
1 0.30859375 0.04609375 0.06953125 0.08671875
1 0.61875 0.0421875 0.06953125 0.0796875
1 0.1265625 0.03828125 0.084375 0.0765625
1 0.48828125 0.04921875 0.0578125 0.06953125
1 0.91015625 0.05390625 0.1203125 0.1078125
1 0.86796875 0.0625 0.071875 0.1015625
1 0.415625 0.02421875 0.053125 0.0484375