1 0.40625 0.35546875 0.0765625 0.08671875
1 0.59140625 0.37109375 0.071875 0.0984375
1 0.9078125 0.38125 0.084375 0.084375
1 0.7984375 0.34609375 0.09609375 0.10078125
1 0.23828125 0.32578125 0.10078125 0.103125
1 0.71875 0.43984375 0.0625 0.0765625
1 0.5515625 0.41015625 0.0453125 0.0796875
1 0.0375 0.44921875 0.05546875 0.0625
1 0.4984375 0.43359375 0.0453125 0.05546875
1 0.16796875 0.39921875 0.0578125 0.071875
1 0.125 0.4375 0.04296875 0.0578125
1 0.28828125 0.4484375 0.0484375 0.07421875
1 0.4078125 0.00859375 0.0796875 0.0171875
1 0.79921875 0.0171875 0.0984375 0.03359375
1 0.2390625 0.02734375 0.103125 0.0546875