1 0.93984375 0.35703125 0.0625 0.09375
1 0.0609375 0.3609375 0.06484375 0.08671875
1 0.76171875 0.28984375 0.0671875 0.084375
1 0.303125 0.321875 0.0671875 0.08203125
1 0.18046875 0.31875 0.0671875 0.084375
1 0.3640625 0.30546875 0.05546875 0.08203125
1 0.83671875 0.31875 0.0578125 0.06484375
1 0.22578125 0.26796875 0.0578125 0.06953125
1 0.83515625 0.2484375 0.05546875 0.06015625
1 0.4734375 0.3328125 0.0578125 0.06015625
1 0.5 0.28359375 0.053125 0.0671875
1 0.4265625 0.259375 0.0453125 0.0578125
1 0.6078125 0.28125 0.0625 0.0765625
1 0.66484375 0.28125 0.05078125 0.0671875
1 0.7609375 0.228125 0.040625 0.0578125
1 0.80078125 0.38671875 0.0671875 0.071875
1 0.22734375 0.00703125 0.06015625 0.0140625
1 0.83359375 0.0140625 0.0578125 0.028125
1 0.42578125 0.00859375 0.0484375 0.0171875
1 0.759375 0.02421875 0.04296875 0.0484375