1 0.28125 0.3421875 0.1296875 0.1828125
1 0.7359375 0.4359375 0.1296875 0.1734375
1 0.4671875 0.3953125 0.11796875 0.15390625
1 0.84765625 0.33984375 0.12734375 0.16875
1 0.725 0.346875 0.103125 0.1015625
1 0.16484375 0.359375 0.103125 0.1203125
1 0.05859375 0.3328125 0.1171875 0.165625
1 0.65 0.3984375 0.07421875 0.1328125
1 0.94921875 0.3359375 0.08671875 0.17578125
1 0.52421875 0.37265625 0.0625 0.1421875
1 0.34609375 0.378125 0.0671875 0.15390625
1 0.2828125 0.07578125 0.13203125 0.1515625
1 0.73671875 0.0265625 0.13203125 0.053125
1 0.46640625 0.0421875 0.1203125 0.084375
1 0.84609375 0.0734375 0.1296875 0.146875
1 0.725 0.053125 0.103125 0.1015625
1 0.1625 0.0515625 0.10625 0.103125
1 0.05859375 0.07578125 0.1171875 0.1515625
1 0.64921875 0.03515625 0.0765625 0.06953125
1 0.95078125 0.07734375 0.0890625 0.15390625
1 0.525 0.05078125 0.06484375 0.1015625
1 0.34765625 0.05078125 0.06953125 0.1015625