0 0.86328125 0.33046875 0.071875 0.08671875
0 0.2515625 0.32421875 0.0796875 0.09375
0 0.5515625 0.34453125 0.05546875 0.07265625
0 0.7171875 0.353125 0.05546875 0.06484375
0 0.4 0.33359375 0.05078125 0.075
0 0.4484375 0.3421875 0.040625 0.0625
0 0.78125 0.34453125 0.04296875 0.0578125
0 0.50625 0.35625 0.040625 0.0625
0 0.6109375 0.34453125 0.0484375 0.0578125
0 0.8640625 0.021875 0.07421875 0.04375
0 0.25 0.0265625 0.08203125 0.053125
0 0.55078125 0.0109375 0.0578125 0.021875
0 0.39921875 0.0171875 0.053125 0.03359375
0 0.44609375 0.009375 0.0421875 0.01875
0 0.78203125 0.00703125 0.0453125 0.0140625
0 0.6109375 0.00703125 0.05 0.0140625