1 0.30546875 0.3515625 0.0625 0.08203125
1 0.82578125 0.34453125 0.06953125 0.08203125
1 0.62890625 0.325 0.05546875 0.07265625
1 0.446875 0.35078125 0.053125 0.06015625
1 0.08046875 0.37734375 0.05546875 0.06953125
1 0.5875 0.36171875 0.0359375 0.0578125
1 0.796875 0.32265625 0.0453125 0.053125
1 0.24296875 0.33515625 0.02890625 0.03359375
1 0.19921875 0.33515625 0.02421875 0.02890625
1 0.06015625 0.33828125 0.03828125 0.0359375
1 0.30546875 0.009375 0.0640625 0.01875
1 0.82421875 0.01328125 0.071875 0.0265625
1 0.62734375 0.0203125 0.0578125 0.040625
1 0.4484375 0.0046875 0.05546875 0.009375
1 0.7953125 0.0171875 0.0484375 0.03359375
1 0.24375 0.00625 0.03125 0.01171875
1 0.20078125 0.0046875 0.0265625 0.009375
1 0.0609375 0.0046875 0.040625 0.009375