1 0.4171875 0.38203125 0.06015625 0.08203125
1 0.08046875 0.31953125 0.1609375 0.20703125
1 0.21484375 0.3234375 0.1078125 0.1078125
1 0.50625 0.37890625 0.06484375 0.0796875
1 0.609375 0.359375 0.06953125 0.09375
1 0.73203125 0.34765625 0.084375 0.1078125
1 0.85078125 0.3578125 0.115625 0.1296875
1 0.7984375 0.34140625 0.0484375 0.09140625
1 0.4171875 0.05078125 0.06015625 0.08203125
1 0.08046875 0.11328125 0.1609375 0.20703125
1 0.21484375 0.11171875 0.1078125 0.1078125
1 0.50625 0.05625 0.06484375 0.0796875
1 0.609375 0.07578125 0.06953125 0.09375
1 0.73203125 0.0875 0.084375 0.1078125
1 0.85078125 0.07421875 0.115625 0.1296875
1 0.7984375 0.09140625 0.0484375 0.09140625