0 0.11796875 0.8125 0.1734375 0.1109375
1 0.0953125 0.2921875 0.0890625 0.0890625
1 0.7875 0.25 0.0796875 0.09609375
1 0.65 0.2796875 0.09375 0.103125
1 0.4171875 0.28359375 0.0796875 0.10078125
1 0.8265625 0.33671875 0.09140625 0.10546875
1 0.2828125 0.25703125 0.09375 0.1203125
1 0.18515625 0.35546875 0.1390625 0.14921875
1 0.5453125 0.4640625 0.10546875 0.14921875
0 0.11796875 0.9328125 0.1734375 0.1109375
1 0.7859375 0.02265625 0.08203125 0.0453125
1 0.6484375 0.009375 0.096875 0.01875
1 0.28046875 0.025 0.0953125 0.05