0 0.02265625 0.409375 0.0453125 0.115625
1 0.50234375 0.475 0.08203125 0.09609375
1 0.3578125 0.48671875 0.0765625 0.09609375
1 0.646875 0.4984375 0.08203125 0.1109375
1 0.7046875 0.5171875 0.0578125 0.084375
1 0.53828125 0.41328125 0.0578125 0.06953125
1 0.43046875 0.40859375 0.0578125 0.06953125
1 0.94609375 0.43515625 0.0453125 0.06484375
1 0.80625 0.42265625 0.05078125 0.06953125
1 0.7921875 0.38046875 0.0453125 0.0578125
1 0.3484375 0.4328125 0.0671875 0.06484375
1 0.84609375 0.446875 0.04296875 0.06953125
1 0.8546875 0.39296875 0.0453125 0.053125
1 0.4625 0.45078125 0.0453125 0.0671875
1 0.9203125 0.41484375 0.03359375 0.053125
1 0.984375 0.40234375 0.021875 0.0578125