1 0.2125 0.4359375 0.05546875 0.06015625
1 0.40390625 0.45078125 0.03359375 0.0359375
1 0.48046875 0.44453125 0.03359375 0.03828125
1 0.55625 0.44453125 0.0359375 0.04296875
1 0.66328125 0.43984375 0.03359375 0.03828125
1 0.70703125 0.44453125 0.03359375 0.03828125
1 0.740625 0.44921875 0.03359375 0.03359375
1 0.80859375 0.43984375 0.0359375 0.0484375
1 0.8609375 0.415625 0.03359375 0.03359375
1 0.86640625 0.44375 0.0453125 0.0453125
1 0.91484375 0.415625 0.03125 0.04296875
1 0.9390625 0.43046875 0.0265625 0.03359375
1 0.98671875 0.43359375 0.0171875 0.05546875