0 0.68046875 0.27265625 0.08671875 0.12734375
0 0.37890625 0.35234375 0.11796875 0.12734375
0 0.75859375 0.2515625 0.13203125 0.18046875
0 0.3640625 0.15 0.06953125 0.0890625
0 0.2765625 0.1859375 0.03359375 0.0359375
0 0.4421875 0.22265625 0.0484375 0.05078125
0 0.6109375 0.16484375 0.0578125 0.06484375
0 0.54921875 0.19140625 0.0359375 0.0453125
0 0.41953125 0.15234375 0.05078125 0.0453125
0 0.9625 0.271875 0.06484375 0.1296875
0 0.89765625 0.2515625 0.13203125 0.18046875
0 0.05078125 0.1859375 0.03359375 0.0359375