0 0.25625 0.75390625 0.09375 0.0984375
0 0.07578125 0.6515625 0.0984375 0.09609375
0 0.578125 0.81015625 0.084375 0.08671875
0 0.3953125 0.446875 0.06953125 0.071875
0 0.66328125 0.553125 0.071875 0.071875
0 0.7875 0.2796875 0.06015625 0.06484375
0 0.775 0.67578125 0.0796875 0.0671875
0 0.60703125 0.51796875 0.05078125 0.06484375
0 0.3734375 0.39296875 0.06015625 0.06015625
0 0.2796875 0.4359375 0.06953125 0.06484375
0 0.52421875 0.5296875 0.053125 0.06484375
0 0.7234375 0.8078125 0.09140625 0.08671875
0 0.86875 0.74375 0.0890625 0.06953125
0 0.9015625 0.24140625 0.0625 0.06953125
0 0.91484375 0.165625 0.05546875 0.0578125
0 0.865625 0.15390625 0.0578125 0.03828125
0 0.2546875 0.95546875 0.09609375 0.0796875
0 0.578125 0.90859375 0.084375 0.08671875
0 0.7859375 0.009375 0.0625 0.01875
0 0.7234375 0.9109375 0.09140625 0.08671875
0 0.86796875 0.9671875 0.09140625 0.05546875
0 0.9015625 0.0296875 0.065625 0.059375
0 0.91484375 0.0984375 0.05546875 0.0578125
0 0.865625 0.1109375 0.0578125 0.03828125