0 0.60703125 0.30234375 0.040625 0.06484375
0 0.6765625 0.321875 0.0359375 0.05078125
0 0.73828125 0.32265625 0.04296875 0.053125
0 0.4625 0.31953125 0.040625 0.05078125
0 0.29921875 0.325 0.040625 0.053125
0 0.40234375 0.31953125 0.040625 0.05078125
0 0.60546875 0.03046875 0.04296875 0.06015625
0 0.67578125 0.0171875 0.03828125 0.03359375
0 0.7390625 0.0171875 0.0453125 0.03359375
0 0.46171875 0.01796875 0.04296875 0.0359375
0 0.2984375 0.015625 0.04296875 0.03125
0 0.4015625 0.01796875 0.04296875 0.0359375