1 0.2765625 0.546875 0.053125 0.08203125
1 0.49609375 0.55625 0.0453125 0.0578125
1 0.03984375 0.5265625 0.05078125 0.06953125
1 0.2359375 0.56171875 0.04296875 0.0625
1 0.14765625 0.54453125 0.05546875 0.0578125
1 0.0796875 0.5484375 0.03828125 0.05078125
1 0.39296875 0.5359375 0.03125 0.040625
1 0.45078125 0.54921875 0.0359375 0.053125
1 0.5671875 0.540625 0.04296875 0.04609375
1 0.6828125 0.540625 0.04296875 0.05546875
1 0.76953125 0.54921875 0.03828125 0.04375
1 0.8328125 0.53359375 0.03125 0.040625
1 0.96171875 0.540625 0.04296875 0.05546875
1 0.9078125 0.56015625 0.040625 0.05078125
1 0.4171875 0.5484375 0.0171875 0.03125