0 0.09140625 0.30390625 0.08671875 0.10625
0 0.5203125 0.31484375 0.06484375 0.0890625
0 0.71640625 0.33359375 0.0671875 0.075
0 0.28515625 0.3359375 0.06953125 0.084375
0 0.88359375 0.31953125 0.084375 0.10859375
0 0.39453125 0.30625 0.0578125 0.09140625
0 0.45703125 0.35546875 0.03359375 0.05078125
0 0.57421875 0.346875 0.03828125 0.0578125
0 0.66015625 0.35390625 0.0453125 0.0625
0 0.81015625 0.35390625 0.0484375 0.0578125
0 0.0921875 0.03984375 0.0890625 0.0796875
0 0.51953125 0.03046875 0.0671875 0.06015625
0 0.7171875 0.0171875 0.06953125 0.03359375
0 0.28359375 0.01796875 0.071875 0.0359375
0 0.88203125 0.0328125 0.08671875 0.06484375
0 0.3953125 0.03515625 0.06015625 0.06953125
0 0.57578125 0.00625 0.040625 0.01171875