0 0.40234375 0.23203125 0.2359375 0.2953125
0 0.19296875 0.134375 0.18828125 0.196875
0 0.5671875 0.17890625 0.16640625 0.19453125
0 0.67734375 0.2828125 0.08203125 0.1078125
0 0.853125 0.11171875 0.08671875 0.21875
1 0.675 0.0375 0.0625 0.07421875
1 0.55625 0.0421875 0.0625 0.084375
1 0.61328125 0.03125 0.04609375 0.0625
1 0.51796875 0.04296875 0.03828125 0.053125
1 0.78671875 0.078125 0.04609375 0.05078125
1 0.42421875 0.05390625 0.03828125 0.0453125
0 0.0484375 0.1359375 0.09609375 0.19921875
0 0.946875 0.11171875 0.08671875 0.21875