1 0.51796875 0.35078125 0.0796875 0.08671875
1 0.8328125 0.3484375 0.06953125 0.09140625
1 0.29453125 0.3453125 0.084375 0.0984375
1 0.66796875 0.34765625 0.0671875 0.0890625
1 0.18046875 0.3578125 0.09140625 0.10546875
1 0.0984375 0.328125 0.09609375 0.11796875
1 0.5171875 0.0109375 0.08203125 0.021875
1 0.83203125 0.01328125 0.071875 0.0265625
1 0.29296875 0.0171875 0.08671875 0.03359375
1 0.66953125 0.01328125 0.06953125 0.0265625
1 0.18125 0.01171875 0.09375 0.0234375
1 0.09921875 0.0296875 0.0984375 0.059375