0 0.1859375 0.43515625 0.06484375 0.0671875
0 0.8890625 0.48046875 0.04296875 0.0578125
1 0.9328125 0.484375 0.0484375 0.06015625
0 0.89453125 0.4328125 0.03359375 0.0484375
0 0.8140625 0.4671875 0.0265625 0.05078125
1 0.78125 0.4640625 0.04296875 0.0484375
1 0.2828125 0.4359375 0.0453125 0.05078125
1 0.38125 0.48203125 0.0359375 0.0359375
1 0.41015625 0.4671875 0.0265625 0.0453125
1 0.43515625 0.46171875 0.03359375 0.053125
0 0.49296875 0.45546875 0.02890625 0.05546875
1 0.52421875 0.4515625 0.03828125 0.0578125
1 0.63203125 0.475 0.0484375 0.06484375
1 0.56953125 0.46171875 0.03359375 0.0578125
1 0.6609375 0.46171875 0.03359375 0.0578125