0 0.3796875 0.4390625 0.0578125 0.06953125
0 0.23203125 0.4703125 0.05078125 0.06484375
0 0.94375 0.47265625 0.0453125 0.06484375
0 0.4984375 0.43359375 0.0453125 0.06953125
1 0.8375 0.4640625 0.05546875 0.0625
1 0.14765625 0.4734375 0.05078125 0.0671875
1 0.6578125 0.44609375 0.0453125 0.06015625
0 0.31484375 0.4578125 0.03828125 0.06015625
1 0.4546875 0.4578125 0.03359375 0.040625
1 0.42578125 0.4578125 0.02421875 0.0359375
1 0.53828125 0.45078125 0.03359375 0.05546875
1 0.615625 0.4578125 0.03828125 0.0453125
1 0.56875 0.459375 0.03125 0.03828125
1 0.73671875 0.4640625 0.03125 0.04296875
1 0.71640625 0.4640625 0.02890625 0.03359375
1 0.75703125 0.46171875 0.02421875 0.03359375