0 0.0953125 0.39609375 0.11328125 0.16640625
0 0.18984375 0.4421875 0.15390625 0.17109375
0 0.26796875 0.43515625 0.05546875 0.12734375
0 0.365625 0.478125 0.04296875 0.075
0 0.39765625 0.4671875 0.05546875 0.08671875
0 0.4421875 0.45078125 0.08203125 0.09609375
0 0.52890625 0.35625 0.14453125 0.178125
0 0.6984375 0.4171875 0.1078125 0.115625
0 0.8078125 0.34921875 0.1203125 0.16875
0 0.896875 0.42734375 0.08671875 0.10859375
0 0.94453125 0.4171875 0.0484375 0.10625
0 0.80859375 0.015625 0.12265625 0.03125