0 0.1390625 0.56171875 0.16328125 0.19296875
0 0.24140625 0.48203125 0.0984375 0.13046875
0 0.41328125 0.50390625 0.0578125 0.08203125
0 0.3953125 0.45546875 0.040625 0.04375
0 0.45078125 0.4515625 0.05078125 0.06484375
0 0.5578125 0.4578125 0.0578125 0.08203125
0 0.6421875 0.67109375 0.2640625 0.21484375
0 0.7390625 0.52265625 0.0984375 0.10625
0 0.8171875 0.478125 0.09140625 0.10390625
0 0.9640625 0.5515625 0.0578125 0.1828125
0 0.71171875 0.4265625 0.0578125 0.08203125
0 0.6078125 0.48046875 0.10078125 0.0796875
0 0.6078125 0.57578125 0.16796875 0.13984375
0 0.66796875 0.48828125 0.0578125 0.0796875
0 0.6390625 0.43046875 0.0671875 0.05078125
0 0.140625 0.9484375 0.165625 0.09375
0 0.44921875 0.00859375 0.053125 0.0171875
0 0.5578125 0.009375 0.059375 0.01875
0 0.6421875 0.890625 0.2640625 0.21484375
0 0.96484375 0.95546875 0.06015625 0.0796875
0 0.71171875 0.025 0.0609375 0.05
0 0.609375 0.95390625 0.1703125 0.08203125
0 0.640625 0.015625 0.06953125 0.03125