1 0.1890625 0.59765625 0.0796875 0.09609375
1 0.72265625 0.25390625 0.103125 0.11328125
1 0.3546875 0.62734375 0.07421875 0.084375
1 0.12265625 0.5828125 0.053125 0.07265625
1 0.60703125 0.61171875 0.06015625 0.0671875
1 0.2328125 0.58515625 0.03359375 0.0578125
1 0.01796875 0.5734375 0.03125 0.07265625
1 0.41953125 0.6 0.040625 0.0578125
1 0.48203125 0.59765625 0.0453125 0.0625
1 0.540625 0.615625 0.04296875 0.05546875
1 0.3015625 0.59765625 0.040625 0.0484375
1 0.72265625 0.07578125 0.103125 0.11328125