1 0.8953125 0.36953125 0.06953125 0.0984375
1 0.321875 0.37109375 0.08203125 0.09609375
1 0.55625 0.36875 0.06953125 0.09140625
1 0.03984375 0.35546875 0.06953125 0.11796875
1 0.83046875 0.40703125 0.11328125 0.14921875
1 0.11796875 0.38515625 0.1203125 0.14453125
1 0.4828125 0.38828125 0.08671875 0.10625
1 0.240625 0.33046875 0.10546875 0.14453125
1 0.703125 0.36875 0.09375 0.13046875
1 0.375 0.3671875 0.0578125 0.06953125
1 0.63671875 0.375 0.0484375 0.075
1 0.03828125 0.0171875 0.071875 0.03359375
1 0.24140625 0.0359375 0.1078125 0.071875
1 0.7015625 0.01328125 0.09609375 0.0265625