0 0.52265625 0.4390625 0.06953125 0.0890625
0 0.86640625 0.46015625 0.09375 0.11796875
0 0.70703125 0.45703125 0.08203125 0.10546875
0 0.4625 0.43359375 0.05546875 0.084375
0 0.93515625 0.415625 0.0625 0.08203125
0 0.40234375 0.4234375 0.05546875 0.09140625
0 0.36640625 0.4265625 0.05078125 0.09375
0 0.29921875 0.4484375 0.0453125 0.06953125
0 0.7046875 0.4578125 0.08671875 0.09375
0 0.72109375 0.4 0.0578125 0.06953125
0 0.7703125 0.4203125 0.05078125 0.0671875
0 0.90625 0.4625 0.0578125 0.103125