0 0.265625 0.5 0.0453125 0.04609375
0 0.02421875 0.2828125 0.04296875 0.05546875
0 0.16015625 0.25625 0.0359375 0.04609375
0 0.25390625 0.23984375 0.0359375 0.0359375
0 0.34609375 0.26484375 0.03359375 0.04375
0 0.7234375 0.59765625 0.04296875 0.03828125
0 0.7125 0.484375 0.040625 0.03828125
0 0.7859375 0.509375 0.04296875 0.0359375
0 0.02421875 0.046875 0.04296875 0.05546875
0 0.16015625 0.0734375 0.0359375 0.04609375
0 0.25390625 0.090625 0.0359375 0.0359375
0 0.34609375 0.0625 0.03359375 0.04375