1 0.80546875 0.4578125 0.0625 0.07421875
1 0.73203125 0.43515625 0.0796875 0.09609375
1 0.0921875 0.4484375 0.11328125 0.12734375
1 0.21640625 0.428125 0.071875 0.08203125
1 0.43984375 0.43515625 0.0578125 0.08203125
1 0.3328125 0.3890625 0.09375 0.115625
1 0.57421875 0.4546875 0.053125 0.0765625
1 0.65234375 0.44453125 0.05546875 0.0671875
1 0.8796875 0.43046875 0.0578125 0.071875
1 0.02265625 0.4375 0.0453125 0.10078125
1 0.53828125 0.45546875 0.04296875 0.06953125
1 0.50859375 0.45546875 0.0265625 0.0453125