0 0.7046875 0.41796875 0.0671875 0.09140625
0 0.15 0.4171875 0.084375 0.09375
0 0.3890625 0.39921875 0.0625 0.08671875
0 0.93515625 0.446875 0.0671875 0.08671875
0 0.271875 0.41015625 0.053125 0.0796875
0 0.76328125 0.4390625 0.05546875 0.06484375
0 0.58203125 0.44140625 0.0484375 0.06953125
0 0.4859375 0.4 0.053125 0.06953125
0 0.2171875 0.4421875 0.05078125 0.0671875
0 0.4359375 0.4171875 0.0359375 0.06015625
0 0.6234375 0.42890625 0.0359375 0.06484375
0 0.9 0.4265625 0.05078125 0.06484375
0 0.8453125 0.428125 0.0453125 0.0625