1 0.26328125 0.3375 0.06484375 0.06953125
1 0.671875 0.3421875 0.0453125 0.05546875
1 0.13359375 0.37109375 0.0359375 0.06015625
1 0.1734375 0.38203125 0.03359375 0.0484375
1 0.09375 0.3765625 0.03359375 0.05078125
1 0.3265625 0.3734375 0.03359375 0.0453125
1 0.4078125 0.36796875 0.0359375 0.053125
1 0.4375 0.3765625 0.03359375 0.05078125
1 0.54921875 0.35546875 0.0453125 0.0578125
1 0.60546875 0.34375 0.03828125 0.0578125
1 0.80625 0.3234375 0.05078125 0.06015625
1 0.209375 0.39296875 0.02890625 0.0359375