0 0.9375 0.20234375 0.05234375 0.209375
0 0.86796875 0.2125 0.04765625 0.19765625
0 0.84296875 0.1421875 0.0359375 0.14921875
0 0.80390625 0.23359375 0.04296875 0.20703125
0 0.32890625 0.2359375 0.034375 0.1421875
0 0.33515625 0.1234375 0.0296875 0.11640625
0 0.4421875 0.1734375 0.0296875 0.15546875
0 0.48203125 0.17421875 0.03203125 0.153125
0 0.53828125 0.19921875 0.0296875 0.1421875
0 0.5671875 0.2078125 0.03125 0.16953125
0 0.59921875 0.16953125 0.03359375 0.14921875
0 0.63984375 0.228125 0.03828125 0.1765625
0 0.684375 0.17890625 0.034375 0.1625
0 0.7015625 0.2921875 0.0359375 0.17421875
0 0.73671875 0.1921875 0.03828125 0.16953125
0 0.7734375 0.2078125 0.04140625 0.17890625
0 0.3953125 0.21171875 0.0328125 0.13515625
0 0.28515625 0.203125 0.0328125 0.128125
0 0.2625 0.259375 0.04375 0.16953125
0 0.19765625 0.22578125 0.03671875 0.1625
0 0.16796875 0.18984375 0.03359375 0.16015625
0 0.134375 0.2078125 0.04375 0.19296875
0 0.06328125 0.2171875 0.046875 0.21640625