0 0.14765625 0.2203125 0.17890625 0.30703125
0 0.31953125 0.20703125 0.1125 0.2359375
0 0.365625 0.1875 0.08046875 0.19765625
0 0.42109375 0.25859375 0.0734375 0.16640625
0 0.52578125 0.21875 0.0703125 0.16640625
0 0.615625 0.215625 0.059375 0.15546875
0 0.73046875 0.2 0.05390625 0.1375
0 0.87421875 0.2703125 0.05703125 0.121875
1 0.7828125 0.2578125 0.04765625 0.1109375
1 0.97265625 0.24296875 0.046875 0.153125
1 0.9453125 0.2421875 0.034375 0.09296875
1 0.91484375 0.26875 0.01640625 0.04453125
1 0.5765625 0.2546875 0.0140625 0.03359375
1 0.48828125 0.24296875 0.03125 0.09140625
1 0.25546875 0.24140625 0.0140625 0.02890625
1 0.0359375 0.2125 0.01875 0.0375
1 0.04765625 0.20234375 0.01640625 0.0359375