0 0.4609375 0.38203125 0.07421875 0.15234375
0 0.528125 0.51171875 0.0796875 0.1375
0 0.625 0.51484375 0.07421875 0.1078125
0 0.0828125 0.36640625 0.165625 0.22421875
0 0.12421875 0.30390625 0.09609375 0.11640625
0 0.35390625 0.16953125 0.015625 0.0265625
1 0.396875 0.6828125 0.0859375 0.16796875
1 0.2171875 0.790625 0.11015625 0.23984375
1 0.05234375 0.66640625 0.10390625 0.27265625
1 0.24609375 0.58203125 0.13203125 0.2421875
1 0.73671875 0.56171875 0.1578125 0.2546875
1 0.90625 0.58046875 0.06015625 0.1015625
1 0.92890625 0.4984375 0.065625 0.0984375
1 0.87578125 0.44609375 0.04375 0.065625
1 0.71484375 0.41484375 0.0578125 0.09296875
1 0.66484375 0.4234375 0.0421875 0.06875
1 0.62578125 0.40546875 0.03984375 0.08046875
1 0.5078125 0.384375 0.04765625 0.08671875
1 0.265625 0.34140625 0.071875 0.11953125
1 0.24296875 0.4359375 0.06171875 0.09296875
1 0.31484375 0.33203125 0.04609375 0.09609375
1 0.228125 0.0265625 0.015625 0.0359375
1 0.95078125 0.421875 0.0296875 0.04765625
1 0.96796875 0.44296875 0.0359375 0.06015625
1 0.74296875 0.3296875 0.021875 0.0296875
1 0.67734375 0.36796875 0.02578125 0.04765625
1 0.18984375 0.01953125 0.015625 0.0265625