0 0.95625 0.79453125 0.034375 0.03515625
0 0.95390625 0.725 0.03359375 0.03359375
0 0.875 0.78515625 0.0359375 0.03125
0 0.87578125 0.715625 0.03203125 0.03125
0 0.85 0.70625 0.03046875 0.02734375
0 0.8109375 0.71328125 0.03203125 0.03203125
0 0.79765625 0.77421875 0.03359375 0.03203125
0 0.5828125 0.7765625 0.0296875 0.03046875
0 0.65546875 0.78828125 0.03046875 0.03359375
0 0.72890625 0.7703125 0.0359375 0.034375
0 0.753125 0.715625 0.034375 0.03125
0 0.49921875 0.76484375 0.028125 0.0296875
0 0.43828125 0.78125 0.03203125 0.0265625
0 0.6109375 0.70703125 0.0265625 0.0265625
0 0.625 0.6828125 0.0296875 0.02734375
0 0.6859375 0.68203125 0.028125 0.028125
0 0.6953125 0.71171875 0.028125 0.02734375
0 0.6453125 0.71328125 0.0265625 0.03046875
0 0.0765625 0.765625 0.0359375 0.03515625
0 0.1609375 0.75546875 0.0359375 0.03359375
0 0.22890625 0.7640625 0.0359375 0.03203125
0 0.284375 0.7640625 0.03359375 0.03203125
0 0.34140625 0.7625 0.0296875 0.03203125
0 0.35078125 0.71171875 0.03203125 0.03046875
0 0.32265625 0.6859375 0.0296875 0.0296875
0 0.234375 0.70546875 0.0296875 0.0296875
0 0.2609375 0.69296875 0.025 0.03046875
0 0.29453125 0.68046875 0.0265625 0.02734375
0 0.2828125 0.66171875 0.02421875 0.0265625
0 0.39765625 0.703125 0.028125 0.03203125
0 0.4203125 0.6921875 0.02421875 0.02734375
0 0.44375 0.709375 0.0265625 0.03046875
0 0.4671875 0.6890625 0.028125 0.028125
0 0.5 0.69609375 0.0265625 0.0296875
0 0.55703125 0.7 0.03046875 0.0296875
0 0.54765625 0.66484375 0.0265625 0.02421875
0 0.4453125 0.67265625 0.02421875 0.0234375
0 0.0203125 0.6921875 0.03046875 0.028125
0 0.0265625 0.6703125 0.0296875 0.01953125
0 0.08359375 0.678125 0.03046875 0.03125
0 0.115625 0.671875 0.0296875 0.0296875
0 0.15390625 0.6796875 0.028125 0.0296875
0 0.184375 0.665625 0.0265625 0.02578125
0 0.22109375 0.6703125 0.0265625 0.028125
0 0.734375 0.70390625 0.03046875 0.03046875
1 0.93046875 0.70859375 0.0265625 0.0265625