0 0.6390625 0.32578125 0.06015625 0.12109375
0 0.47421875 0.25390625 0.05546875 0.10625
0 0.42890625 0.196875 0.05 0.096875
0 0.5453125 0.153125 0.0296875 0.084375
0 0.5640625 0.2140625 0.0359375 0.0765625
0 0.57890625 0.13359375 0.03671875 0.07421875
0 0.6625 0.215625 0.05 0.07421875
0 0.70546875 0.171875 0.03828125 0.09140625
0 0.72578125 0.15859375 0.02578125 0.0640625
0 0.784375 0.1421875 0.0625 0.11171875
0 0.9203125 0.16484375 0.0484375 0.1015625
0 0.975 0.08046875 0.046875 0.096875
1 0.96875 0.26484375 0.06015625 0.19765625