0 0.4609375 0.43125 0.0546875 0.13828125
0 0.33203125 0.38359375 0.0515625 0.13515625
0 0.5296875 0.37734375 0.0515625 0.12890625
0 0.43125 0.31875 0.04765625 0.1203125
0 0.271875 0.34140625 0.0546875 0.1171875
0 0.21953125 0.4015625 0.05390625 0.13359375
0 0.1421875 0.3859375 0.05859375 0.13984375
0 0.08125 0.38828125 0.0625 0.13515625
0 0.0125 0.265625 0.025 0.14140625
0 0.62578125 0.47890625 0.053125 0.11875
0 0.66640625 0.38046875 0.0515625 0.12890625
0 0.5703125 0.3234375 0.04453125 0.1171875
0 0.69296875 0.33828125 0.046875 0.1078125
0 0.76796875 0.4015625 0.04921875 0.13671875
0 0.82109375 0.346875 0.04609375 0.1125
0 0.8703125 0.38671875 0.04921875 0.13203125
0 0.93046875 0.3453125 0.0546875 0.12890625
0 0.98359375 0.36796875 0.03046875 0.13671875