0 0.5796875 0.66015625 0.159375 0.4078125
0 0.93203125 0.84375 0.03984375 0.1125
0 0.41875 0.69375 0.01875 0.06875
0 0.321875 0.7015625 0.01953125 0.053125
0 0.33671875 0.684375 0.0125 0.053125
0 0.3328125 0.29453125 0.1171875 0.2734375
0 0.171875 0.42421875 0.01171875 0.0296875
0 0.19609375 0.23515625 0.01171875 0.03359375
0 0.1765625 0.2296875 0.009375 0.0296875
0 0.19609375 0.203125 0.009375 0.02734375
0 0.134375 0.23359375 0.0140625 0.03359375
0 0.1234375 0.19375 0.0109375 0.02578125
0 0.14296875 0.19375 0.00859375 0.02578125
0 0.15859375 0.19609375 0.00859375 0.02578125
0 0.1765625 0.19375 0.009375 0.02578125
1 0.384375 0.7109375 0.03125 0.0671875
1 0.34765625 0.6828125 0.0234375 0.05546875
1 0.30234375 0.73046875 0.02265625 0.059375
1 0.27265625 0.68828125 0.02265625 0.0609375
1 0.23515625 0.7546875 0.0265625 0.053125
1 0.225 0.69375 0.01953125 0.04921875
1 0.053125 0.18671875 0.0171875 0.04296875
1 0.009375 0.1921875 0.01875 0.046875
1 0.090625 0.21484375 0.01875 0.046875
1 0.11640625 0.2359375 0.009375 0.0234375
1 0.1578125 0.24140625 0.009375 0.021875
1 0.1453125 0.88359375 0.053125 0.1375