0 0.1953125 0.40078125 0.3296875 0.58828125
0 0.709375 0.73125 0.2703125 0.45625
0 0.46328125 0.61015625 0.021875 0.0375
0 0.290625 0.62578125 0.021875 0.0375
0 0.4578125 0.56484375 0.015625 0.034375
0 0.4640625 0.503125 0.015625 0.03125
0 0.5453125 0.59921875 0.01796875 0.034375
0 0.58828125 0.525 0.015625 0.03125
0 0.58828125 0.59296875 0.015625 0.034375
0 0.64296875 0.4890625 0.01796875 0.034375
0 0.9109375 0.64765625 0.021875 0.05
0 0.5390625 0.5453125 0.01796875 0.034375
1 0.57734375 0.64296875 0.021875 0.040625
1 0.52421875 0.62265625 0.0203125 0.03125
1 0.8296875 0.40078125 0.015625 0.034375
1 0.87265625 0.37421875 0.01796875 0.03125
1 0.85 0.39609375 0.015625 0.03125
1 0.8859375 0.63515625 0.02421875 0.0375
1 0.8640625 0.59296875 0.0203125 0.034375
1 0.5546875 0.63515625 0.01796875 0.03125
1 0.50078125 0.721875 0.0859375 0.14765625
1 0.4390625 0.83671875 0.1703125 0.2140625
1 0.871875 0.7828125 0.1359375 0.2453125
1 0.4 0.60390625 0.015625 0.03125
1 0.42578125 0.59140625 0.015625 0.03125
1 0.4546875 0.58828125 0.01796875 0.03125
1 0.33203125 0.5125 0.015625 0.03125
1 0.55 0.490625 0.01171875 0.025