0 0.5125 0.71328125 0.0984375 0.2
0 0.3 0.4734375 0.04296875 0.08671875
0 0.671875 0.4046875 0.0296875 0.08984375
0 0.590625 0.5046875 0.021875 0.04296875
0 0.6015625 0.43359375 0.01640625 0.03984375
0 0.50703125 0.4046875 0.01015625 0.0234375
0 0.52578125 0.51484375 0.01796875 0.04296875
0 0.53671875 0.46171875 0.01328125 0.0296875
0 0.47890625 0.4515625 0.01484375 0.03671875
0 0.41015625 0.45859375 0.01328125 0.0296875
0 0.44140625 0.4515625 0.01015625 0.0296875
0 0.7171875 0.3765625 0.01484375 0.03359375