0 0.5 0.39609375 0.14609375 0.16875
0 0.55078125 0.2515625 0.146875 0.1484375
0 0.7921875 0.25390625 0.1328125 0.14296875
0 0.80625 0.37734375 0.11875 0.15390625
0 0.72578125 0.43671875 0.1171875 0.1640625
0 0.63046875 0.53203125 0.13828125 0.146875
0 0.8796875 0.57109375 0.12578125 0.1484375
0 0.96171875 0.63203125 0.07421875 0.1671875
0 0.9609375 0.4421875 0.07578125 0.1671875
1 0.9515625 0.29921875 0.09453125 0.13828125
1 0.21953125 0.1328125 0.2328125 0.26015625
1 0.59609375 0.35546875 0.10390625 0.134375