0 0.4 0.4109375 0.07265625 0.0953125
0 0.546875 0.31171875 0.04140625 0.0546875
0 0.73828125 0.3953125 0.0609375 0.0953125
0 0.890625 0.378125 0.06328125 0.09375
0 0.846875 0.35859375 0.05703125 0.07734375
0 0.58046875 0.40234375 0.06328125 0.09375
0 0.3390625 0.3328125 0.0328125 0.0453125
0 0.24765625 0.42890625 0.07890625 0.0984375
0 0.228125 0.3359375 0.03359375 0.0453125
0 0.1703125 0.334375 0.0375 0.0515625
0 0.10234375 0.42734375 0.0859375 0.1015625
0 0.0328125 0.371875 0.065625 0.09375
0 0.053125 0.3484375 0.0265625 0.040625