0 0.49609375 0.30546875 0.06953125 0.1375
0 0.053125 0.4359375 0.0171875 0.02734375
0 0.25625 0.4421875 0.0109375 0.01875
0 0.74609375 0.44140625 0.00859375 0.01484375
0 0.81953125 0.228125 0.00625 0.009375
0 0.70703125 0.17890625 0.0046875 0.009375
0 0.70234375 0.1875 0.0046875 0.0078125
0 0.69140625 0.17734375 0.00546875 0.0078125
0 0.67734375 0.18515625 0.00546875 0.01015625
0 0.65859375 0.17578125 0.00546875 0.01171875
0 0.64921875 0.18125 0.00625 0.01015625
0 0.07265625 0.253125 0.00546875 0.009375