0 0.42890625 0.3421875 0.13046875 0.48359375
0 0.49140625 0.3734375 0.02890625 0.21171875
0 0.7109375 0.45 0.08359375 0.3046875
0 0.85234375 0.5703125 0.03671875 0.15234375
0 0.90234375 0.4 0.05234375 0.18984375
0 0.97421875 0.4125 0.0375 0.16328125
0 0.8390625 0.37578125 0.0484375 0.13359375
0 0.29296875 0.47578125 0.05703125 0.253125
0 0.23828125 0.45390625 0.078125 0.26015625
0 0.0453125 0.48359375 0.07421875 0.26796875
1 0.61328125 0.421875 0.071875 0.21953125
1 0.7921875 0.45546875 0.02734375 0.1