0 0.628125 0.2953125 0.1234375 0.22109375
0 0.765625 0.25078125 0.1875 0.2921875
0 0.9015625 0.3 0.11640625 0.228125
0 0.9875 0.28671875 0.02265625 0.12265625
0 0.475 0.296875 0.040625 0.0609375
0 0.3796875 0.309375 0.04453125 0.0640625
0 0.30078125 0.29921875 0.02265625 0.03828125
0 0.2734375 0.3046875 0.02890625 0.05703125
0 0.2421875 0.3125 0.03359375 0.06796875
0 0.4171875 0.30859375 0.01875 0.0328125
0 0.39921875 0.29765625 0.0203125 0.04375
0 0.3671875 0.28515625 0.03515625 0.0546875
1 0.13203125 0.2546875 0.16171875 0.325