0 0.67265625 0.44921875 0.04921875 0.0765625
0 0.4421875 0.4640625 0.03515625 0.065625
0 0.45 0.303125 0.03359375 0.06171875
0 0.47890625 0.28515625 0.0265625 0.0453125
0 0.54921875 0.29296875 0.03203125 0.05625
0 0.52578125 0.28828125 0.025 0.0578125
0 0.6234375 0.2859375 0.03125 0.05078125
0 0.390625 0.31796875 0.03125 0.0578125
0 0.41875 0.32265625 0.0296875 0.05234375
0 0.30625 0.29765625 0.03515625 0.0578125
0 0.12265625 0.3265625 0.03671875 0.06015625
0 0.06328125 0.3359375 0.0453125 0.0640625
0 0.7578125 0.2765625 0.0421875 0.0734375
0 0.82421875 0.3 0.053125 0.075
0 0.9015625 0.2859375 0.0421875 0.06953125
0 0.72578125 0.303125 0.03359375 0.0578125
0 0.37421875 0.3 0.02265625 0.04140625
1 0.24921875 0.32890625 0.03125 0.0546875
1 0.1671875 0.3375 0.0390625 0.05234375