0 0.56640625 0.1640625 0.05078125 0.1296875
0 0.64921875 0.1421875 0.05078125 0.1375
0 0.7484375 0.121875 0.04296875 0.115625
0 0.784375 0.1734375 0.0125 0.03984375
0 0.29921875 0.1359375 0.04609375 0.134375
0 0.4078125 0.12421875 0.0375 0.0921875
0 0.5203125 0.12890625 0.03515625 0.0875
0 0.815625 0.17109375 0.0109375 0.02578125
0 0.86171875 0.175 0.0109375 0.0234375
0 0.22890625 0.01328125 0.0046875 0.01171875
0 0.22421875 0.00859375 0.0046875 0.01171875
1 0.96796875 0.340625 0.03046875 0.08984375