0 0.67578125 0.4671875 0.0265625 0.05390625
0 0.71484375 0.875 0.034375 0.0703125
0 0.40078125 0.8046875 0.03359375 0.0609375
0 0.2859375 0.80078125 0.04296875 0.05859375
0 0.1765625 0.7796875 0.03671875 0.0671875
0 0.146875 0.953125 0.0609375 0.0890625
0 0.9015625 0.521875 0.034375 0.0484375
0 0.8390625 0.6453125 0.02265625 0.0359375
0 0.75625 0.63828125 0.02890625 0.04375
0 0.8453125 0.4296875 0.02734375 0.0515625
0 0.93828125 0.4578125 0.02578125 0.03984375
0 0.6875 0.44140625 0.0234375 0.03515625
0 0.659375 0.45859375 0.025 0.0546875
0 0.6234375 0.44375 0.0296875 0.05234375
0 0.49375 0.5046875 0.03046875 0.05
0 0.49765625 0.4046875 0.02265625 0.0390625
0 0.55 0.4203125 0.0234375 0.04140625
0 0.471875 0.37734375 0.021875 0.03515625
0 0.07890625 0.5203125 0.034375 0.0578125
0 0.225 0.3140625 0.01796875 0.02734375
0 0.1859375 0.28984375 0.02109375 0.0296875
0 0.16953125 0.24765625 0.01953125 0.0296875
0 0.16171875 0.3015625 0.0140625 0.0265625
1 0.41953125 0.48359375 0.03203125 0.05
1 0.22421875 0.5 0.02890625 0.0328125