0 0.3 0.471875 0.01953125 0.03046875
0 0.26484375 0.5015625 0.0234375 0.0390625
0 0.17734375 0.35390625 0.0265625 0.0359375
0 0.1953125 0.2703125 0.0203125 0.0375
0 0.25390625 0.41796875 0.02421875 0.0390625
0 0.246875 0.378125 0.021875 0.0296875
0 0.4140625 0.58671875 0.021875 0.03515625
0 0.8078125 0.371875 0.01875 0.025
0 0.8109375 0.31953125 0.0203125 0.02578125
0 0.7578125 0.2859375 0.01875 0.025
0 0.86796875 0.65859375 0.02265625 0.028125
0 0.51953125 0.646875 0.0203125 0.03203125
0 0.14921875 0.215625 0.021875 0.03359375
0 0.1703125 0.18203125 0.021875 0.0296875
0 0.15703125 0.1546875 0.0203125 0.0265625
0 0.13515625 0.11953125 0.0203125 0.034375
0 0.1265625 0.09765625 0.01796875 0.02421875
0 0.60625 0.1828125 0.0140625 0.0234375
0 0.4984375 0.4921875 0.0171875 0.02890625
1 0.44375 0.32109375 0.01171875 0.02109375
1 0.43203125 0.36328125 0.0171875 0.02578125
1 0.4609375 0.37734375 0.0125 0.0234375
1 0.46796875 0.40390625 0.0140625 0.021875
1 0.41875 0.43515625 0.015625 0.021875
1 0.40859375 0.403125 0.0140625 0.021875