0 0.446875 0.26640625 0.06640625 0.11953125
0 0.36640625 0.24765625 0.06640625 0.1078125
0 0.28984375 0.20234375 0.0796875 0.12421875
0 0.19140625 0.25234375 0.103125 0.13203125
0 0.4546875 0.16953125 0.05703125 0.09921875
0 0.503125 0.18984375 0.046875 0.09921875
0 0.546875 0.1984375 0.053125 0.09921875
0 0.55859375 0.1484375 0.05 0.07421875
0 0.6203125 0.165625 0.06015625 0.090625
0 0.6734375 0.20078125 0.046875 0.08671875
0 0.725 0.2109375 0.05 0.0828125
0 0.6953125 0.13828125 0.04296875 0.0703125
0 0.76484375 0.17734375 0.05 0.0828125
0 0.81171875 0.159375 0.05 0.078125