0 0.13203125 0.37421875 0.08671875 0.1859375
0 0.05 0.36953125 0.0359375 0.1015625
0 0.17890625 0.384375 0.03515625 0.103125
0 0.2796875 0.37890625 0.040625 0.1015625
0 0.37734375 0.36953125 0.0421875 0.09609375
0 0.45390625 0.34609375 0.0375 0.09609375
0 0.50859375 0.3578125 0.0421875 0.10390625
0 0.5796875 0.3390625 0.040625 0.0875
0 0.6109375 0.30625 0.0234375 0.0640625
0 0.6421875 0.38046875 0.084375 0.20390625
0 0.6828125 0.34453125 0.04375 0.12578125
0 0.709375 0.32890625 0.0328125 0.1015625
0 0.78203125 0.3140625 0.06328125 0.134375
0 0.846875 0.31875 0.04765625 0.12578125
0 0.88828125 0.32109375 0.0375 0.11015625
0 0.96796875 0.33515625 0.0625 0.1640625