0 0.51640625 0.32109375 0.1125 0.365625
0 0.61796875 0.309375 0.0984375 0.325
0 0.75859375 0.21328125 0.1296875 0.41875
0 0.86796875 0.2265625 0.12421875 0.3671875
0 0.9671875 0.41484375 0.0640625 0.30390625
0 0.99140625 0.390625 0.015625 0.26328125
0 0.45078125 0.4171875 0.07109375 0.2765625
0 0.378125 0.34453125 0.09453125 0.33515625
0 0.28125 0.3796875 0.1109375 0.3796875
0 0.19921875 0.36953125 0.08046875 0.2875
0 0.06640625 0.31015625 0.11015625 0.38671875
0 0.0234375 0.328125 0.046875 0.33671875