0 0.834375 0.24140625 0.06484375 0.11796875
0 0.98671875 0.35234375 0.025 0.07109375
0 0.77265625 0.3234375 0.046875 0.0953125
0 0.62421875 0.125 0.09140625 0.153125
0 0.5265625 0.303125 0.05859375 0.078125
0 0.4625 0.2578125 0.06640625 0.12578125
0 0.43203125 0.31875 0.0421875 0.0796875
0 0.35234375 0.24296875 0.0671875 0.0984375
0 0.27578125 0.27734375 0.059375 0.0859375
0 0.2 0.3171875 0.04765625 0.0859375
0 0.175 0.3265625 0.02265625 0.06484375
0 0.159375 0.36328125 0.0265625 0.05390625
0 0.07421875 0.33046875 0.05234375 0.0765625