0 0.49921875 0.30390625 0.06171875 0.11875
0 0.59765625 0.3046875 0.075 0.13515625
0 0.67578125 0.259375 0.05859375 0.121875
0 0.86875 0.29453125 0.0625 0.11484375
0 0.44296875 0.2265625 0.06171875 0.12421875
0 0.34453125 0.29609375 0.065625 0.121875
1 0.0890625 0.54140625 0.140625 0.2984375
1 0.253125 0.2859375 0.02890625 0.05390625
1 0.7859375 0.30859375 0.028125 0.0609375
1 0.9078125 0.32578125 0.05703125 0.121875
1 0.971875 0.3484375 0.05234375 0.11484375
1 0.546875 0.340625 0.02734375 0.06328125
1 0.55859375 0.31484375 0.02109375 0.0484375
1 0.38515625 0.29296875 0.02265625 0.0484375