0 0.47421875 0.21953125 0.0421875 0.0953125
0 0.57578125 0.7953125 0.046875 0.096875
0 0.48046875 0.7765625 0.03515625 0.08671875
0 0.62734375 0.653125 0.0265625 0.0703125
0 0.59765625 0.6609375 0.025 0.06171875
0 0.6625 0.65703125 0.01640625 0.0703125
0 0.7609375 0.64140625 0.0125 0.03671875
0 0.8296875 0.571875 0.0328125 0.0796875
0 0.98359375 0.609375 0.028125 0.08515625
0 0.1078125 0.56171875 0.0421875 0.096875
0 0.39609375 0.7953125 0.03984375 0.103125
0 0.35546875 0.8890625 0.0390625 0.08515625
1 0.21171875 0.4796875 0.04921875 0.11640625
1 0.3265625 0.6328125 0.0109375 0.03203125