0 0.68359375 0.62890625 0.0734375 0.10234375
0 0.70859375 0.40625 0.03984375 0.07734375
0 0.4265625 0.5625 0.05 0.08515625
0 0.4578125 0.44375 0.04140625 0.0625
0 0.4796875 0.43125 0.0296875 0.0625
0 0.54296875 0.42265625 0.0296875 0.06015625
0 0.80078125 0.4046875 0.03515625 0.06484375
0 0.840625 0.39765625 0.03828125 0.06484375
0 0.96171875 0.4046875 0.03359375 0.0703125
0 0.3109375 0.39140625 0.06171875 0.1078125
0 0.6 0.34375 0.05703125 0.1125
0 0.35390625 0.4625 0.03203125 0.06484375
0 0.3921875 0.4328125 0.03515625 0.0703125
0 0.221875 0.3078125 0.0734375 0.125
0 0.11953125 0.3828125 0.0484375 0.075
0 0.01328125 0.46484375 0.0265625 0.06015625
0 0.01015625 0.3671875 0.0203125 0.075