0 0.6609375 0.39375 0.1546875 0.29921875
0 0.809375 0.38671875 0.103125 0.2640625
0 0.915625 0.37265625 0.14765625 0.30625
0 0.890625 0.29609375 0.11640625 0.2640625
0 0.80859375 0.07421875 0.10078125 0.1484375
0 0.61875 0.17265625 0.1140625 0.26640625
0 0.70625 0.15078125 0.0796875 0.19921875
0 0.92578125 0.0984375 0.0984375 0.1484375
0 0.57734375 0.0875 0.0890625 0.16640625
0 0.4734375 0.21953125 0.0953125 0.1953125
0 0.28671875 0.071875 0.07890625 0.14375
0 0.35859375 0.05859375 0.07890625 0.1171875
0 0.0671875 0.0640625 0.08125 0.128125
1 0.28203125 0.33125 0.1109375 0.25078125
1 0.37265625 0.23203125 0.1046875 0.2109375
1 0.05390625 0.4875 0.10703125 0.221875
1 0.46171875 0.53359375 0.13515625 0.25078125